0.012847
0.007252
0.008096
0.011327
0.014622
0.015428
0.011231
0.008882
0.008655
0.006203
0.005541
0.004444
0.002211
-0.000552
-0.004325
-0.006045
-0.004933
0.000299
0.005932
0.006863
-0.000471
-0.011684
-0.020145
-0.027956
-0.034996
-0.038328
-0.033464
-0.020354
-0.011934
-0.015693
-0.023823
-0.027516
-0.023595
-0.017003
-0.015827
-0.023586
-0.030892
-0.025702
-0.019813
-0.023306
-0.029911
-0.036672
-0.041166
-0.043597
-0.043533
-0.041980
-0.042843
-0.046902
-0.049327
-0.047527
-0.049652
-0.053360
-0.053176
-0.054122
-0.053059
-0.043752
-0.030456
-0.023756
-0.023771
-0.026597
-0.031318
-0.035570
-0.040858
-0.044952
-0.044701
-0.042705
-0.041998
-0.038961
-0.033284
-0.033590
-0.039705
-0.045402
-0.051310
-0.055811
-0.057373
-0.058152
-0.054707
-0.046061
-0.040054
-0.039885
-0.038911
-0.038135
-0.040889
-0.037488
-0.029146
-0.026304
-0.027647
-0.031291
-0.034337
-0.034119
-0.038937
-0.050794
-0.057251
-0.055939
-0.055157
-0.054261
-0.055746
-0.061614
-0.065587
-0.068035
-0.071073
-0.076618
-0.082418
-0.084170
-0.085994
-0.090960
-0.093278
-0.091010
-0.089797
-0.089193
-0.090630
-0.094585
-0.098202
-0.105075
-0.110653
-0.110651
-0.110401
-0.113491
-0.116477
-0.116830
-0.119589
-0.123811
-0.126167
-0.127537
-0.129563
-0.131333
-0.131019
-0.132147
-0.133416
-0.132880
-0.135453
-0.140695
-0.144219
-0.145770
-0.145764
-0.145099
-0.145003
-0.143031
-0.137128
-0.123130
-0.089953
-0.033166
0.046572
0.153792
0.281577
0.392856
0.454979
0.480390
0.491286
0.492968
0.495402
0.503966
0.508026
0.502503
0.496723
0.496066
0.493212
0.489591
0.488098
0.483835
0.475258
0.461603
0.442096
0.413782
0.384498
0.362735
0.341052
0.316879
0.293076
0.267340
0.242763
0.223664
0.202121
0.175909
0.151684
0.129181
0.104887
0.075955
0.046579
0.023450
0.006340
-0.008534
-0.022392
-0.035777
-0.050094
-0.061632
-0.070482
-0.082081
-0.093379
-0.100953
-0.107869
-0.110488
-0.095327
-0.052077
0.019010
0.122943
0.248354
0.353786
0.415592
0.437154
0.438507
0.442990
0.449365
0.450491
0.446348
0.433091
0.415117
0.396319
0.373229
0.346814
0.318722
0.288658
0.251776
0.208525
0.166343
0.125712
0.090717
0.061668
0.031655
0.003965
-0.018787
-0.039056
-0.057003
-0.073348
-0.085252
-0.079860
-0.044920
0.027592
0.132120
0.242105
0.327330
0.376420
0.403653
0.415386
0.411244
0.407000
0.402917
0.385778
0.358744
0.324672
0.281393
0.232506
0.179906
0.127210
0.082539
0.046922
0.016845
-0.007941
-0.028720
-0.046615
-0.061907
-0.066512
-0.038855
0.032824
0.134744
0.235533
0.310474
0.351053
0.362671
0.366764
0.371284
0.363023
0.340685
0.311542
0.271794
0.221406
0.169717
0.118643
0.073291
0.040467
0.010073
-0.020414
-0.042434
-0.052656
-0.037221
0.017384
0.102842
0.199304
0.282853
0.335223
0.361117
0.372900
0.371104
0.351248
0.316971
0.276242
0.227684
0.171019
0.117577
0.074010
0.035704
0.002561
-0.020352
-0.027150
-0.005285
0.048870
0.119827
0.193835
0.265984
0.327738
0.361223
0.361157
0.337846
0.297155
0.246330
0.192472
0.141614
0.098344
0.058947
0.020805
-0.010289
-0.021565
-0.002610
0.048682
0.129405
0.219159
0.287899
0.328244
0.342187
0.330223
0.300524
0.254239
0.195256
0.139808
0.095355
0.058196
0.023678
-0.006834
-0.015926
0.013962
0.081325
0.167974
0.244314
0.294330
0.321192
0.324702
0.302183
0.261519
0.210565
0.152751
0.100758
0.058897
0.022667
0.001131
0.011337
0.053178
0.111092
0.181976
0.254548
0.301624
0.309649
0.286572
0.249485
0.203511
0.150791
0.099108
0.052426
0.016811
0.004415
0.022427
0.065921
0.128040
0.198126
0.256947
0.285503
0.273172
0.233624
0.187758
0.138288
0.087795
0.045353
0.020983
0.020881
0.046686
0.101083
0.172605
0.236168
0.275692
0.287725
0.268549
0.221359
0.163611
0.107241
0.057972
0.023402
0.009342
0.025045
0.072523
0.138063
0.204489
0.252756
0.269526
0.251277
0.208692
0.159156
0.107376
0.059021
0.029985
0.029511
0.053317
0.100181
0.166550
0.225899
0.252256
0.241265
0.202417
0.154930
0.106177
0.056119
0.018958
0.009580
0.032336
0.078622
0.140000
0.207262
0.254859
0.256230
0.215296
0.159054
0.103580
0.055515
0.023711
0.022536
0.055102
0.104947
0.157855
0.196779
0.204115
0.181461
0.139220
0.090839
0.047231
0.015989
0.009332
0.032225
0.083650
0.149883
0.202061
0.222448
0.205670
0.159550
0.108252
0.065855
0.034537
0.025416
0.046027
0.087026
0.138129
0.185797
0.201852
0.177590
0.133847
0.087216
0.047486
0.024897
0.027892
0.056965
0.107139
0.164650
0.199557
0.192938
0.152316
0.099402
0.056111
0.033316
0.033176
0.053649
0.097194
0.151704
0.178339
0.167306
0.138050
0.098855
0.058790
0.031756
0.025796
0.042545
0.082613
0.132554
0.160703
0.154239
0.124942
0.083966
0.045007
0.026199
0.031544
0.053045
0.086876
0.123194
0.139578
0.123612
0.086426
0.046215
0.015380
0.006290
0.026210
0.069341
0.116696
0.146942
0.148777
0.122842
0.081371
0.041641
0.025278
0.044471
0.083782
0.121153
0.150113
0.160719
0.139100
0.096218
0.053527
0.030213
0.039782
0.070870
0.109255
0.137351
0.130613
0.096951
0.058089
0.028580
0.023023
0.041172
0.072741
0.108676
0.134636
0.134925
0.108267
0.068805
0.036917
0.027632
0.044898
0.079430
0.115356
0.134773
0.123073
0.087775
0.049856
0.028108
0.032512
0.059778
0.096244
0.121709
0.119778
0.091681
0.054034
0.024123
0.015655
0.036009
0.073103
0.103130
0.109118
0.088449
0.053038
0.022258
0.015550
0.033449
0.059865
0.081448
0.089122
0.078152
0.053317
0.026950
0.013346
0.024529
0.060313
0.100734
0.120402
0.108945
0.075068
0.039582
0.022435
0.031524
0.056274
0.078183
0.084158
0.069945
0.040246
0.011962
0.008829
0.031447
0.065849
0.108941
0.157108
0.199117
0.220421
0.221599
0.218938
0.217634
0.210343
0.195949
0.177682
0.157057
0.135396
0.112944
0.093905
0.078963
0.066410
0.058393
0.052072
0.043502
0.033324
0.023500
0.014346
0.005031
-0.001585
-0.005247
-0.011477
-0.019239
-0.027201
-0.037447
-0.042715
-0.040218
-0.041243
-0.049981
-0.051893
-0.041911
-0.034616
-0.036288
-0.043158
-0.048961
-0.052612
-0.060107
-0.070163
-0.074045
-0.071463
-0.069215
-0.068284
-0.068181
-0.070790
-0.071432
-0.066406
-0.063004
-0.064273
-0.067445
-0.069641
-0.069564
-0.068439
-0.067211
-0.068528
-0.070200
-0.069539
-0.068022
-0.065258
-0.064968
-0.067623
-0.070033
-0.070102
-0.063721
-0.055244
-0.050830
-0.052783
-0.056848
-0.056315
-0.054137
-0.056583
-0.064344
-0.068689
-0.067097
-0.068100
-0.072821
-0.074751
-0.071221
-0.066885
-0.066533
-0.069321
-0.072194
-0.071237
-0.069356
-0.071179
-0.072645
-0.073107
-0.073554
-0.074233
-0.076676
-0.081511
-0.087787
-0.089492
-0.086845
-0.080655
-0.074024
-0.075685
-0.079580
-0.078611
-0.077495
-0.075117
-0.069058
-0.065411
-0.065674
-0.064083
-0.057580
-0.050561
-0.046352
-0.047538
-0.055392
-0.058782
-0.053986
-0.048085
-0.045299
-0.043522
-0.040915
-0.039077
-0.039827
-0.045514
-0.049640
-0.047495
-0.045741
-0.049256
-0.055007
-0.058185
-0.056580
-0.056132
-0.058187
-0.060065
-0.064867
-0.069533
-0.073189
-0.078157
-0.081571
-0.081092
-0.074541
-0.066819
-0.061804
-0.057067
-0.053909
-0.050934
-0.051150
-0.056165
-0.056798
-0.051843
-0.049214
-0.050634
-0.051021
-0.045226
-0.035903
-0.031238
-0.032552
-0.040766
-0.056030
-0.064663
-0.064743
-0.070465
-0.079635
-0.084840
-0.088059
-0.093940
-0.106766
-0.120729
-0.126562
-0.124191
-0.118833
-0.114235
-0.104637
-0.091224
-0.080879
-0.063155
-0.029836
0.010155
0.043407
0.065429
0.084656
0.103438
0.115509
0.120862
0.120644
0.116004
0.107238
0.096038
0.081442
0.062408
0.040038
0.012380
-0.012242
-0.031049
-0.048708
-0.062825
-0.074840
-0.086113
-0.093094
-0.096873
-0.099356
-0.100161
-0.096954
-0.085616
-0.064195
-0.034266
-0.000994
0.034520
0.075758
0.123145
0.165732
0.201661
0.237128
0.258575
0.253281
0.227230
0.202852
0.188765
0.166900
0.135514
0.104642
0.069940
0.034279
0.005578
-0.019240
-0.041403
-0.058503
-0.070858
-0.081298
-0.090707
-0.095769
-0.096863
-0.096252
-0.090053
-0.073269
-0.044135
-0.007756
0.033687
0.086229
0.147603
0.202577
0.245765
0.280630
0.301049
0.304735
0.295402
0.276721
0.247993
0.211496
0.176882
0.144427
0.110959
0.077304
0.042895
0.008123
-0.024283
-0.050972
-0.069423
-0.081609
-0.090992
-0.098730
-0.103202
-0.103486
-0.097813
-0.076624
-0.035219
0.016971
0.076361
0.141632
0.209351
0.278916
0.332513
0.359994
0.372671
0.373704
0.355385
0.320797
0.284697
0.251383
0.221231
0.192243
0.153660
0.109262
0.071572
0.036063
-0.000220
-0.027022
-0.043730
-0.057971
-0.070539
-0.080450
-0.088005
-0.092960
-0.093027
-0.082081
-0.052397
-0.001365
0.068429
0.148159
0.223816
0.292076
0.344638
0.368183
0.371053
0.368049
0.358322
0.341501
0.323916
0.299794
0.263872
0.224403
0.184617
0.140133
0.097603
0.064377
0.034260
0.001815
-0.027310
-0.048383
-0.066884
-0.083318
-0.091406
-0.094568
-0.096162
-0.090379
-0.068887
-0.026243
0.034102
0.119814
0.225158
0.309135
0.356181
0.384724
0.396399
0.387896
0.377555
0.367382
0.350143
0.332414
0.311833
0.284271
0.254514
0.221714
0.177783
0.125777
0.078983
0.043177
0.012655
-0.015954
-0.038189
-0.055805
-0.073196
-0.089044
-0.100194
-0.098471
-0.077580
-0.042412
0.001681
0.062715
0.139269
0.215891
0.282584
0.325346
0.345657
0.359543
0.367887
0.370640
0.367882
0.350678
0.321579
0.289317
0.252103
0.213481
0.178115
0.139668
0.096667
0.057188
0.026481
0.001909
-0.020557
-0.040214
-0.055880
-0.068521
-0.082116
-0.098164
-0.106016
-0.093018
-0.053553
0.009832
0.088239
0.170578
0.244529
0.305534
0.353135
0.379920
0.384592
0.379074
0.371645
0.362861
0.353668
0.340906
0.315210
0.278289
0.237144
0.191042
0.141940
0.094151
0.054119
0.023846
-0.002762
-0.027267
-0.048236
-0.063994
-0.076104
-0.086757
-0.093664
-0.092549
-0.075168
-0.029572
0.044420
0.133467
0.224431
0.296793
0.340681
0.363110
0.376909
0.392889
0.402944
0.398821
0.384632
0.367079
0.345806
0.312988
0.269668
0.223879
0.174487
0.124481
0.080355
0.041625
0.010395
-0.012276
-0.030765
-0.048373
-0.065889
-0.083136
-0.094856
-0.094610
-0.080772
-0.053610
-0.010479
0.051519
0.133658
0.230369
0.317353
0.368895
0.388229
0.388435
0.377108
0.368415
0.366923
0.359513
0.340893
0.319520
0.291758
0.253195
0.213660
0.172559
0.125537
0.084028
0.054749
0.028020
-0.000845
-0.025241
-0.044281
-0.060463
-0.073033
-0.083526
-0.089219
-0.077905
-0.042293
0.014178
0.096607
0.199344
0.288767
0.344339
0.376221
0.397228
0.409148
0.412980
0.410748
0.403320
0.386197
0.360083
0.330554
0.297730
0.261219
0.218638
0.170423
0.124130
0.085513
0.052077
0.021882
-0.001710
-0.019783
-0.039269
-0.059610
-0.075401
-0.085647
-0.087295
-0.071977
-0.031975
0.032581
0.115271
0.204065
0.284297
0.338648
0.362516
0.374091
0.386470
0.392925
0.388148
0.381530
0.369249
0.344902
0.319413
0.291859
0.251227
0.201979
0.153941
0.110081
0.072225
0.038455
0.008245
-0.013908
-0.029278
-0.045465
-0.063001
-0.074958
-0.082115
-0.080731
-0.056393
-0.001497
0.081379
0.174033
0.256483
0.321271
0.361260
0.378937
0.390250
0.396733
0.395543
0.393385
0.387753
0.373248
0.354180
0.329266
0.289599
0.241436
0.194567
0.147682
0.103437
0.070364
0.046987
0.023533
-0.001121
-0.021669
-0.038291
-0.055290
-0.072206
-0.082937
-0.077102
-0.044460
0.013472
0.088857
0.177866
0.264539
0.329102
0.365939
0.380673
0.387709
0.394467
0.392076
0.378193
0.366536
0.354438
0.332041
0.304824
0.272202
0.231399
0.187899
0.142930
0.099686
0.064813
0.039264
0.017736
-0.004837
-0.025420
-0.042121
-0.055706
-0.066088
-0.071051
-0.057518
-0.011951
0.060349
0.142100
0.220540
0.286300
0.335848
0.370659
0.386745
0.390510
0.394553
0.396839
0.393212
0.382576
0.365854
0.341158
0.304965
0.262071
0.216905
0.172477
0.130178
0.090047
0.056931
0.031556
0.006456
-0.016790
-0.032853
-0.047721
-0.063642
-0.074457
-0.078050
-0.079389
-0.080464
-0.080850
-0.083732
-0.087222
-0.086228
-0.079411
-0.070249
-0.063347
-0.059974
-0.057480
-0.054864
-0.055501
-0.058287
-0.060999
-0.064209
-0.066297
-0.065480
-0.065016
-0.066463
-0.068686
-0.070357
-0.066470
-0.053555
-0.041959
-0.042529
-0.049297
-0.054949
-0.057611
-0.059321
-0.061308
-0.064016
-0.066714
-0.065348
-0.061501
-0.060499
-0.061726
-0.061301
-0.059407
-0.057051
-0.056072
-0.057725
-0.059180
-0.061744
-0.066359
-0.065802
-0.060406
-0.057028
-0.052989
-0.048085
-0.046805
-0.045950
-0.042674
-0.037262
-0.034839
-0.039129
-0.046939
-0.052917
-0.051658
-0.049295
-0.051672
-0.054396
-0.054325
-0.050752
-0.045526
-0.044485
-0.048427
-0.051757
-0.053356
-0.053229
-0.054473
-0.058502
-0.059892
-0.059485
-0.059802
-0.062106
-0.065547
-0.064543
-0.056971
-0.045902
-0.038869
-0.036701
-0.033265
-0.032142
-0.037995
-0.042666
-0.042901
-0.045730
-0.048120
-0.046992
-0.045481
-0.045219
-0.044919
-0.038992
-0.032060
-0.031803
-0.030887
-0.026065
-0.023980
-0.023857
-0.020797
-0.016116
-0.014389
-0.016626
-0.018043
-0.020023
-0.026389
-0.028003
-0.022549
-0.015149
-0.003116
0.030205
0.100417
0.196660
0.299862
0.393933
0.463095
0.496291
0.498179
0.483536
0.461167
0.433753
0.405838
0.384081
0.365517
0.344480
0.322914
0.303256
0.282156
0.264188
0.251353
0.237952
0.226754
0.214262
0.195588
0.178883
0.166561
0.155651
0.150502
0.149029
0.142128
0.135801
0.134873
0.128406
0.116031
0.106253
0.098165
0.088568
0.080568
0.076466
0.075722
0.075023
0.070084
0.065691
0.063970
0.061703
0.062653
0.068990
0.073855
0.071767
0.069032
0.068357
0.063843
0.057135
0.051879
0.049405
0.048745
0.044967
0.037464
0.029298
0.023560
0.020914
0.018365
0.016593
0.019578
0.025568
0.029681
0.032196
0.035101
0.035967
0.033977
0.032634
0.033502
0.034887
0.033370
0.031520
0.033912
0.036963
0.036788
0.031451
0.025736
0.027487
0.030685
0.032511
0.036888
0.039329
0.036248
0.029739
0.027603
0.026282
0.020983
0.020376
0.021895
0.024879
0.029960
0.030590
0.029320
0.028678
0.027948
0.028014
0.029250
0.030145
0.033637
0.039494
0.039092
0.032482
0.028278
0.028994
0.027488
0.021533
0.016676
0.014645
0.012344
0.009514
0.009607
0.014351
0.017613
0.013149
0.007934
0.007611
0.008109
0.007048
0.007176
0.007816
0.008878
0.011354
0.010814
0.011471
0.016057
0.016672
0.013449
0.014725
0.021254
0.023320
0.017826
0.016237
0.023136
0.025033
0.019541
0.018736
0.023772
0.027820
0.025829
0.025529
0.032974
0.036239
0.033111
0.032828
0.032852
0.030729
0.029036
0.024743
0.020466
0.019092
0.015215
0.009989
0.008890
0.011354
0.014095
0.019017
0.024622
0.026129
0.024473
0.019610
0.017079
0.019240
0.019436
0.016620
0.015324
0.016912
0.018933
0.020622
0.019511
0.015443
0.014505
0.019077
0.024608
0.023823
0.023767
0.018117
0.016537
0.010037
