0.075515
0.073104
0.067076
0.063654
0.067802
0.074577
0.074494
0.068853
0.064762
0.066725
0.070905
0.067826
0.061563
0.059927
0.059265
0.057181
0.058818
0.061442
0.056253
0.048570
0.051054
0.060714
0.064854
0.062464
0.053996
0.046330
0.049894
0.055044
0.058154
0.062472
0.060122
0.055643
0.056938
0.056426
0.051002
0.046062
0.045850
0.054418
0.066924
0.067154
0.056388
0.051057
0.049320
0.043317
0.040254
0.042034
0.041064
0.040719
0.047334
0.053416
0.050227
0.046418
0.050997
0.054531
0.047955
0.040889
0.041247
0.044005
0.045188
0.043589
0.037261
0.029673
0.027856
0.030210
0.030513
0.028263
0.029390
0.030237
0.023480
0.016614
0.014920
0.017382
0.019345
0.015610
0.016353
0.024624
0.024332
0.018083
0.023096
0.035647
0.041828
0.041495
0.041197
0.041969
0.040161
0.035196
0.029558
0.025057
0.022408
0.023379
0.029276
0.032224
0.031478
0.036913
0.040532
0.033527
0.026454
0.028267
0.039408
0.049910
0.053684
0.060961
0.075671
0.087334
0.097863
0.116455
0.138079
0.157897
0.181265
0.213824
0.250746
0.280944
0.297885
0.311789
0.330870
0.340395
0.336051
0.333287
0.334621
0.338620
0.343007
0.340566
0.342982
0.349738
0.346445
0.336590
0.323979
0.314002
0.311458
0.309063
0.302425
0.296043
0.291494
0.286579
0.274522
0.253865
0.235337
0.224675
0.212954
0.195595
0.184961
0.178035
0.169201
0.167291
0.170252
0.172960
0.170986
0.158246
0.135485
0.112940
0.098849
0.085450
0.064709
0.045160
0.030846
0.016716
0.002886
-0.009320
-0.017787
-0.023583
-0.031327
-0.039621
-0.044074
-0.046921
-0.054684
-0.063897
-0.065942
-0.063755
-0.064957
-0.072717
-0.079546
-0.080802
-0.082218
-0.079370
-0.068202
-0.049589
-0.020059
0.024228
0.091389
0.175851
0.262278
0.343992
0.411256
0.461133
0.494013
0.512833
0.517101
0.496931
0.466268
0.435029
0.394826
0.353616
0.318351
0.279548
0.233540
0.189586
0.153306
0.130477
0.123437
0.119869
0.111191
0.092033
0.061698
0.035657
0.019216
0.004470
-0.007717
-0.019324
-0.031201
-0.037903
-0.043450
-0.047684
-0.036928
-0.002505
0.054775
0.132042
0.214293
0.285361
0.347923
0.403117
0.441042
0.458269
0.453940
0.425917
0.381092
0.331175
0.285356
0.246197
0.208900
0.172883
0.141205
0.112816
0.089127
0.073377
0.057647
0.034970
0.013732
-0.002757
-0.019263
-0.031604
-0.025622
0.010838
0.076792
0.160305
0.241185
0.305287
0.356935
0.390398
0.396288
0.386144
0.364325
0.325083
0.274885
0.224578
0.178513
0.141939
0.113439
0.089059
0.072944
0.054187
0.026887
0.010012
0.001745
-0.005493
0.014448
0.072614
0.146396
0.219093
0.282955
0.332086
0.363480
0.367319
0.348343
0.318138
0.271629
0.219338
0.173515
0.133252
0.098520
0.072623
0.057280
0.047511
0.034113
0.013743
0.008235
0.034748
0.094435
0.174670
0.247654
0.301709
0.332643
0.338636
0.324007
0.292947
0.254626
0.209408
0.155597
0.106880
0.073356
0.056800
0.050965
0.039865
0.026918
0.035466
0.073704
0.130286
0.193598
0.248939
0.286804
0.309396
0.307215
0.279121
0.241634
0.195863
0.145626
0.107033
0.076060
0.047901
0.031642
0.022428
0.025517
0.064424
0.133159
0.199554
0.247559
0.283252
0.300668
0.290823
0.260306
0.214792
0.163342
0.117637
0.082776
0.060277
0.048281
0.041036
0.042875
0.069169
0.127375
0.197521
0.247340
0.267799
0.269341
0.258597
0.227430
0.179687
0.135710
0.096742
0.060825
0.036025
0.022075
0.024604
0.062511
0.136163
0.208918
0.250391
0.267749
0.267549
0.243590
0.202301
0.157810
0.117735
0.082189
0.051980
0.031484
0.027998
0.056560
0.115990
0.179605
0.221087
0.231317
0.216519
0.184872
0.146861
0.109209
0.073321
0.043901
0.025466
0.021923
0.035164
0.074564
0.141407
0.204362
0.232809
0.228512
0.210049
0.180689
0.138388
0.095057
0.057113
0.030129
0.021290
0.036922
0.081334
0.139027
0.191701
0.221281
0.216236
0.188474
0.149719
0.111101
0.078513
0.049806
0.032673
0.038385
0.077442
0.135763
0.183825
0.211469
0.211115
0.180633
0.135651
0.092686
0.063338
0.049549
0.043845
0.051578
0.091011
0.152029
0.197362
0.212644
0.202950
0.172185
0.132982
0.095685
0.061580
0.042872
0.049714
0.078864
0.128860
0.178766
0.200484
0.199557
0.179136
0.138688
0.098830
0.067070
0.039086
0.031778
0.058463
0.102621
0.149032
0.182340
0.185014
0.161052
0.125524
0.084042
0.045331
0.026655
0.032157
0.065528
0.120947
0.168243
0.187515
0.177536
0.149581
0.116618
0.078293
0.046893
0.041552
0.060406
0.096226
0.138064
0.165978
0.167963
0.149899
0.121019
0.084180
0.050731
0.039317
0.059685
0.108276
0.162209
0.184480
0.174144
0.154093
0.124798
0.090143
0.062690
0.051700
0.066405
0.110273
0.159117
0.176913
0.163980
0.138754
0.109679
0.081442
0.056945
0.051934
0.081681
0.130731
0.166242
0.170793
0.151799
0.120712
0.083636
0.054040
0.049387
0.075659
0.120374
0.158061
0.169309
0.151743
0.119067
0.084196
0.055191
0.040803
0.050863
0.088496
0.129783
0.148421
0.140834
0.113623
0.078998
0.049845
0.038599
0.058149
0.101614
0.138675
0.150590
0.141354
0.119055
0.093983
0.074408
0.069121
0.091265
0.130104
0.159099
0.163017
0.137259
0.100142
0.074423
0.060737
0.066616
0.098629
0.135017
0.155761
0.151884
0.123634
0.087593
0.059807
0.052425
0.075119
0.117428
0.149635
0.151388
0.128867
0.098375
0.067434
0.051197
0.064307
0.093942
0.122179
0.132448
0.114910
0.088358
0.068272
0.053329
0.053907
0.082730
0.120273
0.135706
0.126175
0.102025
0.077234
0.064522
0.071710
0.099981
0.130024
0.141153
0.133114
0.113045
0.084050
0.059884
0.059227
0.084774
0.117380
0.129564
0.116637
0.087371
0.055453
0.033637
0.020782
0.017760
0.017423
0.010288
0.000211
-0.008104
-0.013853
-0.021711
-0.028666
-0.027126
-0.021832
-0.021135
-0.022931
-0.022560
-0.025689
-0.030139
-0.029653
-0.031919
-0.036233
-0.035413
-0.035247
-0.038378
-0.037909
-0.036289
-0.037621
-0.036751
-0.035596
-0.035692
-0.033681
-0.038529
-0.048821
-0.048063
-0.037381
-0.029325
-0.031962
-0.035741
-0.027786
-0.022983
-0.028660
-0.033540
-0.036751
-0.037848
-0.037718
-0.039038
-0.037483
-0.032448
-0.028326
-0.026179
-0.023832
-0.020235
-0.019471
-0.021441
-0.024334
-0.030719
-0.032728
-0.026396
-0.024001
-0.028957
-0.031948
-0.031515
-0.033520
-0.034119
-0.031180
-0.027327
-0.019692
-0.014747
-0.021956
-0.032880
-0.034130
-0.033351
-0.034170
-0.026461
-0.018969
-0.021229
-0.026532
-0.027677
-0.025419
-0.025546
-0.028127
-0.026278
-0.023522
-0.027763
-0.028142
-0.023695
-0.023369
-0.023234
-0.027430
-0.032008
-0.026487
-0.019305
-0.018724
-0.022499
-0.023665
-0.021516
-0.018104
-0.013992
-0.014252
-0.015491
-0.014848
-0.016550
-0.017375
-0.019433
-0.022358
-0.017592
-0.014100
-0.017115
-0.021793
-0.030321
-0.037070
-0.033982
-0.025638
-0.020600
-0.017521
-0.014508
-0.015662
-0.016348
-0.012261
-0.011025
-0.014112
-0.017387
-0.019384
-0.017358
-0.010217
-0.001487
0.003194
0.004632
0.005650
0.001448
-0.006294
-0.006656
-0.001401
-0.000296
-0.002054
-0.003232
-0.008004
-0.016770
-0.019000
-0.014352
-0.014458
-0.016080
-0.012008
-0.007143
-0.009367
-0.013251
-0.013120
-0.016425
-0.021869
-0.024652
-0.028805
-0.030672
-0.024018
-0.015731
-0.011762
-0.014571
-0.022171
-0.024013
-0.015092
-0.001481
0.005391
0.003754
0.005781
0.017386
0.031218
0.040430
0.047210
0.054019
0.055230
0.051195
0.045145
0.035293
0.025767
0.017075
0.003964
-0.005801
-0.007180
-0.010521
-0.015903
-0.015285
-0.012793
-0.016160
-0.023069
-0.027823
-0.026556
-0.020411
-0.017749
-0.019957
-0.018746
-0.009925
0.004633
0.024088
0.043764
0.061712
0.081128
0.095895
0.103074
0.107852
0.109783
0.107958
0.101557
0.089454
0.076021
0.063146
0.050223
0.034024
0.015628
0.003398
-0.002643
-0.004598
-0.003876
-0.004074
-0.001758
0.000283
-0.008226
-0.016833
-0.013306
-0.004390
0.006209
0.014937
0.022407
0.038909
0.064566
0.091873
0.115659
0.133963
0.146575
0.154340
0.158571
0.159240
0.154808
0.140056
0.115503
0.091201
0.069433
0.049246
0.031012
0.013107
0.003352
0.002904
-0.001800
-0.011083
-0.015964
-0.017596
-0.014840
-0.009570
-0.009406
-0.008951
-0.006566
-0.000655
0.018321
0.044965
0.072142
0.098639
0.122321
0.148700
0.178461
0.204669
0.224004
0.234094
0.227914
0.210245
0.195682
0.178421
0.150762
0.121541
0.096485
0.072789
0.052120
0.037561
0.027494
0.019220
0.012189
0.008634
0.004445
0.001632
0.004220
0.006977
0.009176
0.014596
0.030752
0.056457
0.082362
0.114279
0.155368
0.194798
0.230623
0.262537
0.283005
0.290995
0.293339
0.286858
0.261597
0.222371
0.182211
0.147319
0.118604
0.096785
0.078586
0.059193
0.042039
0.031648
0.023813
0.013157
-0.000694
-0.008899
-0.000996
0.009560
0.010593
0.016072
0.029063
0.044393
0.072346
0.109027
0.147214
0.194412
0.234854
0.256869
0.278029
0.304120
0.319386
0.313216
0.295082
0.271441
0.237719
0.199937
0.168591
0.143427
0.118109
0.085739
0.051623
0.030854
0.021569
0.016733
0.011152
0.003571
0.003199
0.003194
-0.001630
-0.000277
0.010088
0.025128
0.045911
0.078355
0.126879
0.186004
0.237491
0.269226
0.287247
0.302905
0.314554
0.311641
0.298760
0.286944
0.268526
0.235597
0.198012
0.164148
0.128890
0.092739
0.065320
0.048468
0.037307
0.030415
0.023666
0.009116
-0.006640
-0.013367
-0.012323
-0.008268
-0.003542
0.006086
0.026419
0.057254
0.102518
0.161367
0.214249
0.251023
0.284822
0.317855
0.337017
0.346463
0.349632
0.333409
0.303273
0.272574
0.234871
0.189621
0.148364
0.118714
0.100694
0.085358
0.067842
0.051848
0.037258
0.025784
0.022122
0.016830
0.001609
-0.008648
-0.003450
0.011550
0.032988
0.057976
0.086646
0.125931
0.175540
0.226202
0.274058
0.316894
0.348398
0.361056
0.357192
0.350398
0.339564
0.310510
0.270452
0.231836
0.194446
0.161072
0.132636
0.112291
0.095438
0.079315
0.070697
0.058949
0.039772
0.025596
0.019217
0.016475
0.014277
0.010842
0.013570
0.027230
0.052393
0.097627
0.158913
0.217004
0.263455
0.307822
0.346616
0.365098
0.369011
0.366708
0.360216
0.345179
0.311248
0.264277
0.219400
0.182635
0.152762
0.125738
0.097674
0.071904
0.056676
0.050266
0.045936
0.041705
0.034401
0.021833
0.015437
0.020385
0.023732
0.031914
0.053509
0.079246
0.118152
0.177912
0.237935
0.286357
0.329103
0.364364
0.384063
0.388820
0.382174
0.363423
0.335029
0.297393
0.253595
0.214721
0.182751
0.154917
0.130627
0.107519
0.090649
0.082007
0.073945
0.062430
0.050455
0.043113
0.042071
0.037023
0.023312
0.017085
0.025742
0.049416
0.087444
0.141691
0.210979
0.275564
0.322192
0.352095
0.376761
0.398527
0.409092
0.403499
0.375390
0.337130
0.299426
0.257795
0.216673
0.178670
0.144740
0.117805
0.097071
0.082097
0.069440
0.061737
0.060145
0.051030
0.035342
0.023609
0.018054
0.019045
0.024828
0.039685
0.072614
0.121816
0.175354
0.229614
0.282431
0.321907
0.348112
0.373407
0.397116
0.405606
0.389605
0.357904
0.324639
0.292909
0.258975
0.216892
0.173491
0.139311
0.112887
0.095900
0.089458
0.088009
0.084530
0.072911
0.058385
0.047123
0.031431
0.012379
0.002831
0.004444
0.020421
0.057633
0.117882
0.192540
0.263070
0.319638
0.362336
0.394441
0.415428
0.425113
0.421463
0.401556
0.370719
0.333001
0.293887
0.256563
0.216907
0.177748
0.143449
0.118115
0.104793
0.097346
0.093736
0.089952
0.074935
0.053069
0.036048
0.023921
0.015729
0.015272
0.027290
0.059348
0.110415
0.170263
0.234287
0.297303
0.348517
0.385155
0.411226
0.423128
0.426721
0.425784
0.408300
0.373597
0.327973
0.282619
0.246454
0.214645
0.183497
0.156068
0.136344
0.123048
0.107028
0.088625
0.079157
0.072649
0.056898
0.038799
0.029146
0.022738
0.013735
0.015263
0.032447
0.053501
0.072589
0.077245
0.064939
0.057537
0.060821
0.065700
0.067290
0.058814
0.045067
0.039298
0.036086
0.031558
0.028686
0.021300
0.018295
0.024484
0.027360
0.025572
0.024717
0.024842
0.020020
0.016062
0.021378
0.023545
0.016756
0.011568
0.008861
0.005319
0.007313
0.016944
0.022091
0.017552
0.014190
0.016839
0.020942
0.022522
0.021425
0.018815
0.018285
0.022003
0.026245
0.029984
0.029613
0.024901
0.023996
0.024378
0.021040
0.022312
0.029523
0.030868
0.026746
0.026055
0.027283
0.023753
0.016997
0.014831
0.014622
0.010530
0.008072
0.010203
0.011221
0.010554
0.011961
0.015733
0.020118
0.019974
0.014085
0.014029
0.018415
0.015635
0.013745
0.014678
0.012799
0.015152
0.018960
0.017391
0.018268
0.026583
0.034080
0.035455
0.033668
0.030222
0.027455
0.025363
0.021905
0.020912
0.025136
0.028780
0.027912
0.028613
0.031722
0.030341
0.028122
0.030303
0.026817
0.022679
0.030273
0.038236
0.037056
0.028448
0.020918
0.020628
0.019391
0.018950
0.029221
0.041192
0.042197
0.038690
0.038373
0.036450
0.033615
0.030757
0.026707
0.023805
0.022938
0.028448
0.039427
0.041943
0.033490
0.029700
0.030158
0.025705
0.022607
0.022382
0.022029
0.022156
0.018864
0.013162
0.017018
0.029531
0.027724
0.011297
0.003677
0.011203
0.020268
0.017397
0.011622
0.012320
0.008935
0.000058
-0.005473
-0.007009
-0.007998
-0.010260
-0.010873
-0.008641
-0.009306
-0.016311
-0.023648
-0.022008
-0.013311
-0.007827
-0.008549
-0.011566
-0.013970
-0.015531
-0.015426
-0.011225
-0.007025
-0.006695
-0.007362
-0.011767
-0.019673
-0.021334
-0.015438
-0.011136
-0.012411
-0.013718
-0.009872
-0.004570
-0.002134
-0.000369
-0.001369
-0.004491
-0.006263
-0.008863
-0.008973
-0.006358
-0.004911
-0.005699
-0.007819
-0.007895
-0.009184
-0.010365
-0.006653
-0.003546
-0.004422
-0.007527
-0.009949
-0.010150
-0.008151
-0.004501
0.000574
0.002932
-0.005073
-0.012083
-0.007541
-0.001601
0.002149
-0.001404
-0.009375
-0.004006
0.006496
0.008492
0.005801
0.005091
0.007376
0.006643
0.006496
0.009240
0.008365
0.006038
0.003598
0.002192
0.004045
0.005089
0.004385
0.002941
0.004709
0.006582
0.004259
0.002562
0.000570
0.000056
0.005510
0.012130
0.013227
0.009010
0.006999
0.010290
0.010853
0.008894
0.013302
0.016914
0.011929
0.008085
0.009178
0.010311
0.009222
0.005315
0.002915
0.007878
0.016489
0.017873
0.013764
0.014598
0.019273
0.019065
0.014221
0.013466
0.016152
0.015242
0.010530
0.006402
0.008543
0.015692
0.019352
0.016974
0.013248
0.013364
0.014413
0.014985
0.017457
0.015339
0.011057
0.013290
0.018295
0.018382
0.015986
0.016747
0.017202
0.017260
0.019408
0.020438
0.018853
0.016110
0.016007
0.019194
0.018779
0.014413
0.014516
0.017805
0.019151
0.019115
0.016828
0.013091
0.012105
0.013250
0.013573
0.016015
0.018293
0.015002
0.010432
0.010863
0.014198
0.013839
0.007250
0.007026
0.015413
0.024478
0.020441
0.023497
0.012126
