0.005573
0.007223
0.015457
0.023577
0.025497
0.022013
0.017986
0.013552
0.009410
0.012000
0.014913
0.012601
0.010678
0.012241
0.015862
0.020030
0.026726
0.032118
0.030017
0.027656
0.024525
0.016413
0.009786
0.006085
0.001721
-0.003587
-0.009453
-0.015226
-0.017628
-0.017943
-0.019981
-0.021758
-0.023045
-0.024207
-0.025866
-0.032570
-0.042320
-0.052070
-0.058355
-0.061593
-0.066966
-0.070078
-0.068862
-0.069164
-0.071852
-0.070820
-0.066495
-0.065696
-0.070014
-0.073479
-0.073219
-0.072194
-0.071605
-0.075845
-0.082624
-0.084301
-0.082880
-0.081872
-0.080222
-0.077077
-0.073863
-0.073481
-0.074844
-0.073610
-0.068605
-0.062269
-0.054597
-0.048426
-0.050007
-0.053578
-0.051422
-0.047552
-0.045110
-0.041237
-0.040112
-0.044734
-0.049120
-0.049842
-0.049970
-0.053726
-0.058204
-0.059594
-0.061715
-0.067160
-0.075285
-0.081872
-0.081007
-0.077631
-0.076407
-0.075156
-0.072150
-0.066861
-0.063737
-0.063826
-0.063380
-0.063755
-0.066571
-0.069333
-0.074726
-0.084162
-0.088837
-0.087921
-0.088356
-0.090578
-0.093644
-0.098515
-0.100613
-0.097442
-0.098578
-0.107554
-0.113287
-0.112175
-0.111584
-0.112544
-0.115270
-0.118718
-0.119317
-0.121469
-0.125219
-0.126813
-0.130851
-0.136462
-0.137375
-0.135696
-0.134923
-0.135264
-0.135724
-0.134918
-0.136063
-0.140947
-0.144159
-0.144094
-0.144700
-0.147818
-0.152444
-0.154017
-0.150900
-0.148781
-0.149437
-0.148015
-0.139960
-0.124242
-0.092940
-0.029717
0.057850
0.138152
0.203092
0.262952
0.314754
0.355941
0.402349
0.455224
0.494366
0.519701
0.536747
0.542832
0.543253
0.547199
0.556863
0.565808
0.569350
0.564736
0.551724
0.535425
0.519195
0.504279
0.486314
0.460336
0.428902
0.400932
0.380878
0.364334
0.344358
0.317344
0.286822
0.256287
0.227864
0.198624
0.165846
0.132300
0.100732
0.074223
0.052575
0.030374
0.006025
-0.014854
-0.029153
-0.042609
-0.057410
-0.070551
-0.082459
-0.091742
-0.096707
-0.095825
-0.081261
-0.038662
0.029893
0.102650
0.166032
0.225888
0.293407
0.365905
0.429250
0.473083
0.495578
0.504252
0.509419
0.508732
0.498199
0.482134
0.458231
0.429098
0.399161
0.360022
0.314773
0.269373
0.221665
0.174808
0.132377
0.093389
0.057911
0.027581
0.001759
-0.020286
-0.038998
-0.053098
-0.056809
-0.038235
0.008048
0.069249
0.128467
0.182661
0.235072
0.292762
0.355142
0.403656
0.429834
0.440277
0.438907
0.426300
0.402555
0.366656
0.320599
0.267407
0.212028
0.159798
0.113421
0.072995
0.039343
0.012750
-0.010002
-0.027571
-0.034693
-0.022600
0.014385
0.066897
0.120553
0.172689
0.225333
0.278570
0.329528
0.368033
0.387310
0.387327
0.368451
0.330749
0.277506
0.218724
0.165128
0.117707
0.075812
0.041512
0.012741
-0.012309
-0.028837
-0.023929
0.006343
0.054249
0.113513
0.175058
0.231819
0.278067
0.311247
0.332908
0.337753
0.320591
0.281407
0.227555
0.172846
0.125059
0.083535
0.046347
0.013517
-0.011917
-0.026605
-0.018091
0.021567
0.077069
0.136652
0.196190
0.250066
0.293401
0.317948
0.316594
0.290567
0.249664
0.201653
0.153462
0.110359
0.070471
0.033103
0.002078
-0.014273
-0.002766
0.039013
0.093054
0.145036
0.195292
0.242299
0.274366
0.284139
0.274021
0.243579
0.196236
0.142562
0.092535
0.054376
0.026009
0.003946
-0.001376
0.020438
0.063710
0.112877
0.159099
0.203632
0.241121
0.259578
0.250390
0.211310
0.163037
0.122385
0.081634
0.041864
0.011678
-0.006716
-0.006438
0.022319
0.071409
0.120305
0.165824
0.210424
0.237253
0.232507
0.201364
0.156933
0.110340
0.067793
0.033174
0.006400
-0.006935
0.006466
0.042711
0.084938
0.127817
0.165635
0.189148
0.191169
0.169177
0.133861
0.094644
0.054822
0.020987
-0.001560
-0.007960
0.010936
0.052932
0.101599
0.144145
0.175245
0.188652
0.178794
0.150054
0.109986
0.068528
0.033792
0.010112
0.006319
0.023725
0.057219
0.099529
0.136586
0.158785
0.163308
0.149412
0.119407
0.081261
0.044121
0.012100
-0.007412
-0.007230
0.017142
0.063606
0.114937
0.152371
0.171504
0.173495
0.154964
0.121115
0.084888
0.052230
0.026063
0.016514
0.031885
0.067921
0.109926
0.143414
0.157970
0.150216
0.126087
0.091120
0.050657
0.016358
0.000709
0.009026
0.036106
0.068382
0.100727
0.127931
0.133409
0.113248
0.081839
0.049373
0.019081
-0.001013
-0.001291
0.022058
0.060199
0.097672
0.124765
0.132774
0.119823
0.092927
0.057394
0.023597
0.003713
0.005755
0.029833
0.063941
0.096585
0.123411
0.133945
0.116020
0.079106
0.042957
0.018812
0.010676
0.018319
0.043151
0.080340
0.110935
0.120148
0.107457
0.078623
0.044345
0.015666
0.000998
0.007785
0.035440
0.074001
0.106623
0.118547
0.108683
0.084421
0.056075
0.032608
0.016807
0.016290
0.038513
0.070433
0.092861
0.097743
0.085242
0.064394
0.041444
0.015612
-0.000035
0.011505
0.042519
0.073029
0.089390
0.085804
0.068020
0.045206
0.020779
0.003710
0.007077
0.029097
0.059960
0.086801
0.094655
0.084744
0.064252
0.035069
0.009491
0.000417
0.011475
0.043128
0.077508
0.092745
0.088545
0.068714
0.036006
0.006348
0.001236
0.022061
0.050852
0.074500
0.081661
0.067180
0.040743
0.013301
-0.003489
-0.001255
0.018346
0.045049
0.066956
0.075418
0.067335
0.047486
0.025150
0.007764
0.002589
0.017583
0.045495
0.069273
0.073957
0.057946
0.033073
0.010865
0.004722
0.018738
0.044521
0.068665
0.077944
0.068553
0.045390
0.019587
0.006475
0.017794
0.047239
0.072732
0.083380
0.076103
0.054212
0.032598
0.017281
0.015934
0.034198
0.061653
0.082236
0.084100
0.068284
0.045327
0.025212
0.014963
0.022381
0.042371
0.059005
0.058582
0.039656
0.016777
0.001177
0.002039
0.018703
0.036629
0.045677
0.039745
0.023462
0.007172
-0.005845
-0.003252
0.025702
0.072182
0.124831
0.174898
0.213447
0.241956
0.263829
0.278529
0.286857
0.289834
0.288344
0.279903
0.264853
0.246236
0.227455
0.208920
0.185685
0.160790
0.142520
0.130106
0.118640
0.106175
0.092262
0.079552
0.069179
0.059175
0.052455
0.046870
0.037908
0.031756
0.029094
0.025250
0.020520
0.012642
0.001390
-0.007395
-0.015109
-0.023530
-0.024852
-0.019767
-0.017739
-0.022661
-0.032912
-0.043963
-0.051116
-0.052435
-0.051621
-0.052835
-0.054272
-0.052507
-0.048481
-0.048652
-0.052002
-0.049441
-0.043449
-0.043877
-0.048875
-0.052184
-0.051225
-0.043209
-0.034990
-0.034696
-0.035864
-0.032801
-0.030328
-0.030041
-0.027873
-0.021922
-0.018664
-0.023771
-0.031484
-0.035809
-0.038943
-0.044175
-0.046942
-0.047900
-0.050416
-0.051725
-0.051922
-0.050446
-0.050908
-0.051608
-0.049507
-0.050332
-0.052026
-0.054039
-0.054946
-0.053314
-0.057749
-0.064920
-0.065724
-0.062086
-0.055604
-0.048873
-0.045776
-0.044943
-0.045872
-0.049527
-0.055095
-0.061633
-0.067040
-0.071053
-0.073684
-0.073896
-0.073838
-0.073459
-0.070348
-0.065101
-0.060282
-0.059393
-0.061155
-0.060528
-0.055723
-0.051053
-0.052447
-0.054915
-0.053255
-0.053074
-0.053879
-0.052159
-0.049153
-0.042385
-0.033879
-0.030393
-0.032079
-0.033942
-0.035379
-0.039922
-0.048010
-0.055303
-0.059706
-0.062728
-0.065157
-0.068997
-0.072966
-0.074389
-0.075082
-0.077832
-0.080441
-0.081467
-0.081259
-0.077698
-0.074064
-0.071021
-0.064436
-0.056989
-0.050703
-0.045303
-0.041905
-0.040679
-0.039333
-0.035236
-0.031252
-0.031157
-0.033074
-0.034458
-0.037566
-0.043203
-0.050631
-0.059545
-0.068072
-0.074390
-0.078950
-0.080974
-0.078714
-0.078661
-0.082605
-0.084495
-0.085290
-0.083451
-0.081094
-0.083927
-0.084435
-0.077056
-0.062458
-0.041794
-0.017432
0.007365
0.032347
0.059293
0.080243
0.088184
0.086444
0.083727
0.090459
0.105809
0.111988
0.101980
0.087361
0.073374
0.055910
0.029960
0.002130
-0.020526
-0.041667
-0.057898
-0.065901
-0.070332
-0.074086
-0.081327
-0.089511
-0.092677
-0.092486
-0.088163
-0.077018
-0.055791
-0.027407
0.004503
0.042891
0.082171
0.113614
0.142722
0.169634
0.183847
0.186344
0.179088
0.163534
0.145300
0.123206
0.097883
0.075471
0.051191
0.023205
0.000754
-0.016706
-0.035388
-0.050733
-0.061071
-0.072277
-0.083232
-0.090400
-0.094073
-0.093919
-0.087182
-0.076584
-0.058168
-0.026613
0.013288
0.061525
0.113879
0.160806
0.195504
0.219492
0.238254
0.250725
0.254699
0.251607
0.237987
0.211665
0.180127
0.145020
0.109063
0.077388
0.049925
0.024344
0.000312
-0.020307
-0.039334
-0.057359
-0.073450
-0.085633
-0.089067
-0.084004
-0.074661
-0.061043
-0.039319
-0.008276
0.030806
0.078109
0.130694
0.182460
0.232734
0.275675
0.298240
0.300012
0.290958
0.281481
0.269448
0.248502
0.222562
0.192658
0.157457
0.118814
0.081059
0.048114
0.019920
-0.003349
-0.022842
-0.042368
-0.060761
-0.074170
-0.081320
-0.084841
-0.086023
-0.077774
-0.055309
-0.019430
0.028871
0.083087
0.131499
0.175012
0.220429
0.258366
0.281385
0.293024
0.298986
0.303340
0.304359
0.299549
0.285605
0.259272
0.221670
0.180815
0.141729
0.101971
0.062603
0.028745
0.004048
-0.016831
-0.038757
-0.057541
-0.071029
-0.080579
-0.084482
-0.081650
-0.071498
-0.043866
0.002345
0.056261
0.112841
0.162311
0.204018
0.241837
0.273673
0.304827
0.324162
0.324072
0.320325
0.315778
0.303736
0.282440
0.252872
0.217053
0.177654
0.140552
0.105604
0.070222
0.037292
0.007926
-0.017573
-0.039956
-0.059561
-0.072750
-0.079017
-0.080724
-0.076335
-0.060035
-0.025556
0.022828
0.070026
0.114240
0.161779
0.213792
0.265809
0.306106
0.329202
0.339984
0.340846
0.334051
0.325165
0.312196
0.291459
0.258493
0.216121
0.174266
0.134760
0.096508
0.058884
0.026359
0.002340
-0.017898
-0.035858
-0.051444
-0.066520
-0.080278
-0.087333
-0.078435
-0.050829
-0.006393
0.048595
0.100971
0.148247
0.193338
0.234235
0.269320
0.295305
0.315792
0.338640
0.358606
0.361280
0.343735
0.320231
0.295616
0.262322
0.221736
0.180227
0.138318
0.097132
0.061379
0.030387
0.004533
-0.015976
-0.034525
-0.049635
-0.060370
-0.069120
-0.074038
-0.064060
-0.029889
0.022037
0.078013
0.129140
0.172856
0.211288
0.248464
0.283489
0.311270
0.337265
0.359482
0.368298
0.367228
0.355745
0.332910
0.301483
0.260343
0.212463
0.164696
0.120898
0.082556
0.049234
0.020601
-0.003938
-0.025996
-0.044331
-0.057244
-0.067584
-0.075705
-0.074227
-0.061717
-0.033458
0.016734
0.078632
0.140302
0.193868
0.237505
0.277854
0.312863
0.339149
0.362239
0.380666
0.387379
0.381753
0.365111
0.337703
0.302181
0.259504
0.212644
0.167192
0.123869
0.084546
0.051392
0.023001
-0.002171
-0.024035
-0.043012
-0.059424
-0.069136
-0.072429
-0.070872
-0.054007
-0.014728
0.040707
0.101059
0.154881
0.199603
0.245352
0.295464
0.339506
0.370147
0.383669
0.383124
0.377567
0.366314
0.344182
0.310787
0.273924
0.239425
0.200566
0.156666
0.114075
0.076696
0.046688
0.019728
-0.005971
-0.025148
-0.041148
-0.058137
-0.069471
-0.074584
-0.067387
-0.040845
-0.004030
0.045635
0.109428
0.171592
0.228168
0.283909
0.335476
0.374746
0.397162
0.408092
0.411430
0.402142
0.381909
0.357011
0.324249
0.283192
0.238060
0.189872
0.145730
0.110380
0.076528
0.041757
0.013498
-0.008506
-0.028910
-0.046965
-0.061258
-0.071050
-0.072186
-0.057239
-0.025146
0.023679
0.085195
0.144929
0.197386
0.246510
0.295000
0.341457
0.373258
0.387033
0.394307
0.397093
0.388987
0.374161
0.356182
0.329176
0.292161
0.245410
0.196604
0.152406
0.109850
0.070852
0.041532
0.021003
0.001678
-0.018975
-0.039475
-0.055827
-0.065195
-0.068300
-0.055918
-0.017858
0.035176
0.090475
0.143733
0.194173
0.248781
0.302343
0.342773
0.369322
0.382839
0.388888
0.389966
0.381792
0.366782
0.345390
0.316102
0.279122
0.232178
0.181092
0.136796
0.099420
0.066065
0.037713
0.014803
-0.005103
-0.025462
-0.043005
-0.055182
-0.060102
-0.053274
-0.033991
0.001963
0.054098
0.110203
0.165487
0.222075
0.274829
0.317541
0.352689
0.380789
0.399731
0.410488
0.407335
0.390933
0.372770
0.352478
0.323377
0.287337
0.247266
0.205209
0.165374
0.130151
0.099285
0.072966
0.050124
0.028121
0.008872
-0.006495
-0.020066
-0.031030
-0.038276
-0.042838
-0.045478
-0.047951
-0.053848
-0.058430
-0.056567
-0.055399
-0.058173
-0.059915
-0.061585
-0.065791
-0.067129
-0.064560
-0.062409
-0.061027
-0.060648
-0.060556
-0.062188
-0.067274
-0.070227
-0.069473
-0.069480
-0.068507
-0.066495
-0.066209
-0.066902
-0.071173
-0.077914
-0.079867
-0.075763
-0.071553
-0.069791
-0.068932
-0.070223
-0.071751
-0.072025
-0.071899
-0.072420
-0.071867
-0.067223
-0.064807
-0.064730
-0.063590
-0.065066
-0.066038
-0.064112
-0.060212
-0.056325
-0.056886
-0.058914
-0.058414
-0.055274
-0.050323
-0.044604
-0.040274
-0.041393
-0.043291
-0.038449
-0.033734
-0.034895
-0.033446
-0.030561
-0.031863
-0.031880
-0.034732
-0.038558
-0.036459
-0.034882
-0.030058
-0.022572
-0.022053
-0.027527
-0.035729
-0.044716
-0.051255
-0.053668
-0.054844
-0.053825
-0.049354
-0.046279
-0.048646
-0.055423
-0.062653
-0.067495
-0.068170
-0.066541
-0.063706
-0.061186
-0.061932
-0.064887
-0.066817
-0.068455
-0.071553
-0.071060
-0.065435
-0.060812
-0.059244
-0.056499
-0.052374
-0.049189
-0.047458
-0.047734
-0.049252
-0.050147
-0.048485
-0.047686
-0.052745
-0.058103
-0.051351
-0.024543
0.022963
0.090712
0.174962
0.258455
0.320337
0.360221
0.392850
0.421701
0.439184
0.440541
0.431545
0.420396
0.408801
0.395477
0.383144
0.375937
0.366012
0.346821
0.326673
0.311718
0.299378
0.287156
0.272752
0.255861
0.240370
0.228960
0.222603
0.218886
0.211563
0.200125
0.189687
0.178541
0.166920
0.161655
0.159638
0.155635
0.151561
0.146354
0.138786
0.130201
0.122664
0.118067
0.115903
0.114462
0.112061
0.110240
0.107261
0.101913
0.098583
0.096446
0.091839
0.085596
0.083010
0.083485
0.080899
0.077328
0.074761
0.071868
0.069461
0.066917
0.066846
0.067547
0.064046
0.061321
0.061615
0.061526
0.060152
0.057149
0.055501
0.056516
0.056685
0.055089
0.051185
0.044250
0.038777
0.041015
0.047191
0.047147
0.042142
0.037045
0.030953
0.025667
0.024295
0.027998
0.032698
0.033301
0.033932
0.035907
0.034423
0.031681
0.031975
0.037031
0.041292
0.037641
0.032415
0.030921
0.030138
0.029506
0.028219
0.025783
0.022520
0.018506
0.016460
0.015805
0.015910
0.017469
0.017428
0.015299
0.013781
0.013764
0.015673
0.016456
0.011919
0.006461
0.003659
0.002049
0.002482
0.003567
-0.000177
-0.007176
-0.008509
-0.005646
-0.005875
-0.010277
-0.014889
-0.014502
-0.011360
-0.010676
-0.011959
-0.011476
-0.010963
-0.013638
-0.013712
-0.007071
-0.000802
-0.000334
-0.001012
0.001177
0.004172
0.008420
0.014974
0.016565
0.011271
0.005510
0.002617
0.001150
-0.003409
-0.008216
-0.007657
-0.005448
-0.004062
-0.001404
-0.002041
-0.006215
-0.008729
-0.009467
-0.007660
-0.002702
-0.000375
-0.001890
-0.000726
0.000263
-0.000807
0.003273
0.008140
0.006283
0.004211
0.007699
0.013164
0.014488
0.015550
0.019200
0.018970
0.016540
0.015541
0.011646
0.011811
0.014792
0.023517
0.016958
