0.013708
0.006605
0.000223
-0.002440
-0.003517
-0.005125
-0.008657
-0.013460
-0.015420
-0.014043
-0.012460
-0.010980
-0.008780
-0.007309
-0.005691
-0.003711
-0.003553
-0.001907
0.003522
0.005618
-0.001446
-0.012164
-0.016435
-0.015205
-0.016886
-0.020071
-0.022663
-0.023540
-0.021071
-0.020098
-0.022644
-0.025794
-0.026463
-0.025435
-0.024984
-0.023979
-0.021628
-0.021661
-0.025082
-0.025932
-0.026328
-0.027339
-0.023895
-0.017205
-0.012200
-0.017222
-0.027552
-0.031458
-0.029975
-0.024987
-0.017157
-0.013495
-0.018649
-0.023736
-0.024737
-0.027983
-0.029827
-0.027558
-0.026710
-0.027249
-0.026522
-0.026838
-0.030605
-0.034819
-0.036551
-0.037224
-0.035845
-0.032494
-0.031440
-0.030352
-0.029206
-0.031110
-0.034145
-0.037738
-0.039442
-0.036978
-0.031714
-0.027993
-0.028734
-0.030110
-0.029659
-0.031529
-0.033586
-0.031954
-0.029297
-0.023944
-0.019017
-0.019513
-0.021915
-0.025217
-0.028953
-0.031456
-0.035233
-0.039956
-0.041889
-0.042265
-0.043603
-0.045583
-0.049855
-0.056483
-0.061686
-0.063381
-0.063267
-0.063255
-0.062028
-0.056097
-0.047811
-0.045476
-0.048097
-0.051124
-0.055251
-0.059445
-0.060346
-0.059296
-0.059595
-0.059761
-0.061979
-0.066497
-0.070176
-0.070037
-0.061874
-0.054733
-0.055838
-0.061039
-0.067259
-0.070856
-0.074154
-0.080640
-0.086360
-0.087798
-0.087148
-0.089479
-0.094642
-0.096575
-0.094863
-0.094073
-0.094988
-0.093740
-0.084520
-0.062030
-0.020378
0.042829
0.127197
0.228894
0.330977
0.410459
0.453197
0.462544
0.462561
0.469191
0.479284
0.488246
0.487300
0.474189
0.454682
0.431413
0.410144
0.392451
0.373226
0.348373
0.318350
0.287751
0.256481
0.223231
0.192329
0.166807
0.143163
0.120272
0.101821
0.091562
0.083270
0.068307
0.051317
0.035503
0.017231
-0.001933
-0.016619
-0.024536
-0.024858
-0.020491
-0.018069
-0.022132
-0.030754
-0.038464
-0.046975
-0.055700
-0.060726
-0.069306
-0.082011
-0.091422
-0.095209
-0.080118
-0.023807
0.079594
0.203298
0.312011
0.402496
0.474741
0.505759
0.497775
0.478677
0.462345
0.444054
0.414793
0.380607
0.348495
0.312059
0.271842
0.234549
0.201563
0.167876
0.131264
0.098037
0.069105
0.045615
0.030640
0.018785
0.004025
-0.013162
-0.028241
-0.039103
-0.051095
-0.065050
-0.072077
-0.058756
-0.011236
0.073869
0.185505
0.298453
0.384859
0.426774
0.426887
0.411545
0.397373
0.376080
0.345793
0.311752
0.275851
0.241041
0.204365
0.165157
0.126541
0.091173
0.063993
0.042698
0.020454
-0.001152
-0.019387
-0.038506
-0.053804
-0.050034
-0.007098
0.090955
0.214103
0.309969
0.364745
0.385991
0.381995
0.368533
0.350643
0.321869
0.286798
0.249665
0.208087
0.162448
0.119475
0.086031
0.060169
0.036583
0.011393
-0.011805
-0.029072
-0.036681
-0.018780
0.047155
0.152868
0.253121
0.321154
0.354837
0.356412
0.336939
0.310051
0.281782
0.248048
0.205740
0.159008
0.115445
0.078692
0.047172
0.018609
-0.008864
-0.030848
-0.037399
-0.010490
0.066966
0.173396
0.262548
0.314404
0.331183
0.323409
0.307016
0.285195
0.250916
0.206298
0.160258
0.117016
0.078242
0.044925
0.014650
-0.012110
-0.024560
-0.006702
0.054153
0.149789
0.239796
0.292225
0.309353
0.301903
0.278509
0.242746
0.196314
0.145342
0.099503
0.064237
0.032028
0.001731
-0.017684
-0.017970
0.016250
0.090793
0.177988
0.243328
0.278063
0.287991
0.277659
0.249669
0.206110
0.155663
0.110022
0.070307
0.033517
0.001661
-0.017513
-0.004278
0.055134
0.138163
0.205575
0.247051
0.269566
0.267272
0.241377
0.205293
0.162739
0.114800
0.069280
0.031978
0.004887
-0.003448
0.022452
0.083068
0.154473
0.214464
0.256152
0.270799
0.251422
0.207216
0.155778
0.109395
0.068890
0.032242
0.002647
-0.008630
0.015447
0.079566
0.160724
0.223846
0.253538
0.252527
0.227075
0.185292
0.137319
0.090534
0.048140
0.013563
-0.004509
0.013261
0.070774
0.142325
0.201749
0.233906
0.233900
0.208531
0.166498
0.118685
0.075035
0.039383
0.018767
0.021838
0.053564
0.109172
0.170300
0.215706
0.232363
0.217519
0.177463
0.129118
0.087078
0.050766
0.020652
0.010663
0.038445
0.098141
0.158219
0.200563
0.220766
0.212855
0.179247
0.132355
0.085668
0.047683
0.023852
0.022947
0.057519
0.116044
0.165798
0.193438
0.197306
0.175322
0.135302
0.089567
0.048514
0.018250
0.010395
0.039202
0.093531
0.150459
0.194418
0.208496
0.185512
0.139235
0.090731
0.050995
0.025363
0.021084
0.044487
0.092588
0.147059
0.184271
0.189937
0.167278
0.128534
0.084516
0.043773
0.015805
0.016027
0.053792
0.115897
0.169887
0.190747
0.180389
0.148748
0.104674
0.061812
0.031633
0.025545
0.052165
0.102919
0.153467
0.181737
0.177499
0.145098
0.099711
0.057430
0.028515
0.019934
0.040133
0.086212
0.137814
0.164856
0.156525
0.128544
0.091165
0.051909
0.026158
0.029198
0.063242
0.113476
0.155643
0.168316
0.150091
0.112557
0.069454
0.034564
0.020890
0.040386
0.086641
0.135726
0.164117
0.157032
0.122841
0.083569
0.048415
0.026900
0.042021
0.090998
0.139187
0.164111
0.163124
0.139794
0.099487
0.055478
0.029240
0.033463
0.067652
0.115138
0.146023
0.144405
0.117429
0.083252
0.052258
0.030997
0.036774
0.073629
0.124440
0.160868
0.161740
0.135366
0.096605
0.056591
0.034339
0.045056
0.087120
0.133177
0.150513
0.136459
0.102845
0.060981
0.030442
0.028467
0.060988
0.108266
0.136559
0.136154
0.114360
0.080796
0.048156
0.031207
0.047603
0.093767
0.136518
0.151210
0.133044
0.091913
0.052691
0.033289
0.042583
0.080348
0.120613
0.137244
0.123594
0.089826
0.057416
0.042853
0.057155
0.091325
0.122476
0.138121
0.127378
0.094257
0.058097
0.035403
0.043684
0.077982
0.112296
0.127670
0.113212
0.079310
0.047213
0.030455
0.042427
0.079381
0.119623
0.144063
0.144491
0.130957
0.113772
0.096050
0.077983
0.060156
0.046940
0.032984
0.013731
-0.005061
-0.018879
-0.027546
-0.034475
-0.042252
-0.048863
-0.056472
-0.064567
-0.067498
-0.068659
-0.072066
-0.075346
-0.078524
-0.081795
-0.083537
-0.084202
-0.082080
-0.079468
-0.080171
-0.081348
-0.083335
-0.087850
-0.092154
-0.089778
-0.079970
-0.072680
-0.072837
-0.075637
-0.078312
-0.078986
-0.075002
-0.072668
-0.076490
-0.079496
-0.077581
-0.075110
-0.074851
-0.074600
-0.072211
-0.070772
-0.072894
-0.076241
-0.079819
-0.079726
-0.076603
-0.075137
-0.073839
-0.074593
-0.078094
-0.082762
-0.087113
-0.087690
-0.085218
-0.081669
-0.077791
-0.074230
-0.071966
-0.071771
-0.071429
-0.068257
-0.065163
-0.063751
-0.062014
-0.060426
-0.059446
-0.060231
-0.063242
-0.068247
-0.073517
-0.074968
-0.072668
-0.069008
-0.066577
-0.066598
-0.066841
-0.064970
-0.064865
-0.069085
-0.071334
-0.071571
-0.074595
-0.076156
-0.074029
-0.074667
-0.077418
-0.080022
-0.082323
-0.076837
-0.065830
-0.059864
-0.059151
-0.059088
-0.059729
-0.062194
-0.064148
-0.065695
-0.067765
-0.070348
-0.072904
-0.072170
-0.068660
-0.066787
-0.066844
-0.068358
-0.072786
-0.074691
-0.068056
-0.060063
-0.060741
-0.065994
-0.067291
-0.061250
-0.052834
-0.052160
-0.056912
-0.061201
-0.064829
-0.067259
-0.069020
-0.072023
-0.075360
-0.076405
-0.076211
-0.075205
-0.073308
-0.069261
-0.061556
-0.056157
-0.054880
-0.054958
-0.060518
-0.067669
-0.067333
-0.060452
-0.055335
-0.056898
-0.058283
-0.057225
-0.058894
-0.061118
-0.058212
-0.052775
-0.050767
-0.050434
-0.049349
-0.051576
-0.059841
-0.068281
-0.074551
-0.081612
-0.087187
-0.090543
-0.092386
-0.092095
-0.092061
-0.092775
-0.091227
-0.086168
-0.081925
-0.079999
-0.073177
-0.059076
-0.045750
-0.034930
-0.015976
0.013916
0.041478
0.056801
0.062772
0.067144
0.071714
0.068792
0.057282
0.047195
0.040408
0.027051
0.006364
-0.012932
-0.029345
-0.044900
-0.055772
-0.062508
-0.066171
-0.064079
-0.060965
-0.054477
-0.045464
-0.045567
-0.047380
-0.034425
-0.013215
0.004957
0.020215
0.031525
0.045123
0.067309
0.096284
0.126172
0.153241
0.175641
0.184017
0.175704
0.157985
0.135889
0.114497
0.093576
0.065608
0.032831
0.006009
-0.012516
-0.028043
-0.042091
-0.055822
-0.069213
-0.077508
-0.077305
-0.071772
-0.065655
-0.060030
-0.054219
-0.042170
-0.017149
0.016820
0.047205
0.071477
0.095197
0.123510
0.161204
0.194685
0.210138
0.212359
0.205269
0.191954
0.175544
0.154267
0.126795
0.095883
0.066204
0.039438
0.014754
-0.008642
-0.030544
-0.048447
-0.059786
-0.064492
-0.066510
-0.069941
-0.072167
-0.068244
-0.060718
-0.051525
-0.030222
0.013096
0.068419
0.121718
0.177438
0.231162
0.266675
0.287845
0.304465
0.308574
0.297057
0.278310
0.251678
0.219364
0.188489
0.159946
0.131214
0.100735
0.069834
0.044952
0.026165
0.004008
-0.018775
-0.033731
-0.041745
-0.048122
-0.055271
-0.059773
-0.057102
-0.045685
-0.026204
0.012541
0.071941
0.129574
0.178806
0.220669
0.252152
0.276881
0.298399
0.310973
0.308330
0.294725
0.274744
0.250473
0.219846
0.184544
0.153163
0.124388
0.092312
0.059260
0.029486
0.005865
-0.010697
-0.022143
-0.032909
-0.044747
-0.052835
-0.056898
-0.061671
-0.060452
-0.046357
-0.018365
0.034871
0.110146
0.185196
0.253464
0.309774
0.337751
0.342837
0.346701
0.345742
0.327435
0.299297
0.270355
0.243061
0.216804
0.189889
0.159818
0.126673
0.092606
0.060190
0.035381
0.015420
-0.006919
-0.026425
-0.035985
-0.040410
-0.046993
-0.055443
-0.057377
-0.049012
-0.035003
-0.006391
0.053593
0.133483
0.201664
0.251070
0.293769
0.325155
0.336983
0.336385
0.329979
0.316228
0.295871
0.271540
0.242035
0.209650
0.178569
0.148030
0.118772
0.089470
0.057431
0.027828
0.005765
-0.008566
-0.018791
-0.029712
-0.042121
-0.052253
-0.059124
-0.061637
-0.053808
-0.034356
0.002867
0.066134
0.145227
0.222459
0.283734
0.321994
0.340390
0.342168
0.336003
0.330690
0.322148
0.305271
0.278138
0.245094
0.212522
0.177947
0.141937
0.109696
0.079139
0.049753
0.026552
0.008503
-0.006516
-0.016871
-0.027870
-0.041734
-0.052111
-0.058078
-0.057484
-0.044001
-0.016194
0.030769
0.100338
0.183795
0.264425
0.321830
0.352097
0.365899
0.365749
0.353869
0.339708
0.325696
0.304619
0.276232
0.246762
0.216044
0.183686
0.150368
0.114263
0.078843
0.049437
0.025862
0.007626
-0.006345
-0.019569
-0.030647
-0.037629
-0.045469
-0.054649
-0.054992
-0.040145
-0.013483
0.028284
0.096638
0.186487
0.270767
0.328834
0.357985
0.362754
0.358004
0.350495
0.337598
0.323841
0.306896
0.283577
0.254978
0.223196
0.190117
0.154357
0.118337
0.084138
0.053332
0.031161
0.015597
0.002332
-0.009466
-0.020635
-0.030766
-0.038864
-0.043637
-0.043370
-0.033167
-0.002495
0.056163
0.140880
0.238075
0.318186
0.361113
0.369446
0.361689
0.351862
0.338943
0.326202
0.311854
0.291103
0.264197
0.232050
0.196779
0.160177
0.125320
0.092173
0.064092
0.044597
0.028247
0.012946
0.000282
-0.011349
-0.021861
-0.032319
-0.044482
-0.051174
-0.046323
-0.026643
0.015896
0.086203
0.176953
0.261546
0.325104
0.369332
0.387610
0.380767
0.364058
0.352826
0.339650
0.313668
0.284576
0.258019
0.228098
0.193346
0.160419
0.129083
0.097910
0.072072
0.050643
0.032590
0.017072
0.002409
-0.010330
-0.022690
-0.034220
-0.041387
-0.041189
-0.032911
-0.011790
0.034554
0.114196
0.208669
0.285539
0.333059
0.356006
0.363634
0.359760
0.349019
0.339136
0.328212
0.312089
0.288064
0.258487
0.228914
0.198782
0.164886
0.129908
0.099146
0.070585
0.044236
0.026431
0.016169
0.006399
-0.006110
-0.018077
-0.026167
-0.033868
-0.041178
-0.033684
-0.001483
0.055031
0.137204
0.232682
0.313746
0.357227
0.366782
0.363965
0.356583
0.346778
0.337436
0.323086
0.301073
0.275068
0.247737
0.218748
0.186901
0.153681
0.122358
0.095814
0.073264
0.054946
0.039274
0.023070
0.009096
-0.001397
-0.011965
-0.025108
-0.036022
-0.036563
-0.020602
0.023222
0.098409
0.190091
0.279004
0.342272
0.369057
0.369862
0.362769
0.358119
0.352142
0.341245
0.323275
0.296574
0.266652
0.236870
0.203676
0.171101
0.141550
0.109061
0.076458
0.046171
0.018680
-0.000880
-0.014675
-0.026147
-0.034284
-0.039649
-0.044067
-0.047468
-0.049700
-0.053452
-0.056587
-0.057046
-0.057515
-0.057726
-0.056456
-0.052323
-0.048655
-0.049375
-0.047948
-0.043036
-0.039796
-0.040076
-0.044481
-0.047830
-0.046004
-0.042396
-0.041511
-0.043950
-0.047338
-0.051445
-0.054914
-0.055209
-0.053023
-0.047379
-0.041358
-0.041055
-0.041551
-0.037189
-0.033111
-0.034010
-0.038058
-0.039866
-0.037461
-0.035807
-0.039014
-0.045754
-0.051135
-0.052260
-0.051849
-0.052198
-0.050576
-0.044338
-0.037711
-0.037251
-0.039816
-0.040000
-0.037735
-0.034032
-0.032185
-0.034184
-0.038193
-0.039996
-0.036977
-0.034482
-0.034274
-0.031783
-0.031033
-0.034793
-0.037832
-0.038691
-0.038630
-0.037286
-0.032594
-0.025438
-0.022329
-0.023921
-0.024403
-0.024831
-0.026115
-0.024496
-0.022747
-0.024137
-0.027641
-0.029939
-0.024935
-0.018027
-0.019135
-0.023208
-0.024177
-0.019880
-0.014593
-0.016174
-0.019572
-0.019868
-0.018515
-0.017424
-0.019209
-0.021722
-0.022134
-0.020410
-0.016038
-0.010977
-0.009730
-0.013752
-0.017925
-0.018368
-0.018448
-0.022526
-0.025903
-0.023589
-0.022132
-0.022218
-0.019688
-0.017154
-0.016317
-0.017389
-0.020097
-0.021659
-0.020003
-0.012002
0.007563
0.044334
0.104386
0.183860
0.265465
0.336909
0.385811
0.399022
0.386666
0.364195
0.340649
0.316838
0.286976
0.256424
0.230028
0.205030
0.177766
0.151570
0.134444
0.125392
0.115694
0.100857
0.085995
0.076147
0.070802
0.066255
0.061545
0.059025
0.056102
0.050747
0.045457
0.039675
0.033374
0.030081
0.029594
0.028538
0.025394
0.020815
0.018064
0.016457
0.011884
0.007521
0.005649
0.004041
0.003135
0.002311
0.002616
0.004897
0.006700
0.009632
0.012772
0.012631
0.010493
0.009583
0.009582
0.006917
0.003419
0.003195
0.003054
-0.001029
-0.005836
-0.007819
-0.008245
-0.008378
-0.007370
-0.005968
-0.004479
-0.002042
-0.002048
-0.002858
-0.000832
0.001075
0.001869
0.001312
0.000684
0.001163
0.003532
0.007158
0.007319
0.005190
0.003434
0.002869
0.006738
0.011062
0.009941
0.008315
0.007708
0.004276
0.000840
-0.000878
-0.000733
-0.000643
-0.001949
-0.001321
-0.000735
-0.000485
0.001427
0.002147
0.001434
0.000983
0.000031
-0.001646
-0.002323
-0.000558
0.000700
-0.000821
-0.000864
-0.000673
-0.005089
-0.007577
-0.003894
-0.000710
-0.000198
-0.000431
0.001707
0.005785
0.005160
0.003986
0.007656
0.010119
0.010456
0.009888
0.006042
0.003586
0.005849
0.004992
0.000616
0.000261
0.001649
0.000819
-0.000753
-0.000484
0.001355
0.001968
0.003144
0.005574
0.004859
0.002262
0.001308
0.003078
0.006018
0.006153
0.004790
0.003573
0.002979
0.004888
0.005374
0.003186
0.001697
-0.000466
-0.002252
0.001125
0.005118
0.004338
0.003827
0.005052
0.004836
0.002769
0.002716
0.004402
0.003994
0.005713
0.009166
0.008633
0.006587
0.006941
0.008356
0.009722
0.010613
0.011108
0.012526
0.012942
0.009548
0.004555
0.002185
0.002059
0.003286
0.002612
0.003867
0.000909
0.006322
0.001172
