0.057493
0.057840
0.059841
0.060076
0.054456
0.054266
0.063025
0.061880
0.049926
0.046637
0.053249
0.059339
0.060252
0.058877
0.052648
0.044009
0.048377
0.057766
0.053344
0.039444
0.030575
0.029980
0.029648
0.031965
0.042267
0.047587
0.040880
0.031482
0.029191
0.033418
0.035093
0.032473
0.033206
0.036789
0.034198
0.030364
0.030091
0.027844
0.028135
0.031200
0.028310
0.024388
0.025882
0.031060
0.034371
0.031432
0.028050
0.026434
0.022418
0.017922
0.019538
0.029418
0.039778
0.042207
0.035636
0.027556
0.028871
0.034244
0.035401
0.034234
0.031348
0.026957
0.020441
0.018925
0.023813
0.024987
0.025368
0.031663
0.033399
0.026657
0.026141
0.032180
0.035681
0.033603
0.028927
0.024861
0.019821
0.016046
0.016042
0.020093
0.022107
0.018855
0.020170
0.028727
0.033233
0.030587
0.028374
0.025447
0.023137
0.028197
0.033783
0.032841
0.029853
0.032257
0.038027
0.040326
0.038049
0.035082
0.035114
0.035790
0.037595
0.044144
0.053493
0.068246
0.095614
0.119141
0.119273
0.109001
0.118141
0.156199
0.202768
0.244719
0.278401
0.303201
0.331741
0.364186
0.381393
0.382543
0.387095
0.404541
0.427151
0.438545
0.443290
0.459757
0.480021
0.494517
0.506905
0.506923
0.489520
0.474177
0.467976
0.458142
0.453097
0.461714
0.464948
0.451079
0.433297
0.422831
0.407340
0.377716
0.347138
0.315411
0.275898
0.239936
0.211547
0.179217
0.142274
0.109245
0.080855
0.054312
0.031226
0.013022
-0.002522
-0.013374
-0.020478
-0.027054
-0.034024
-0.043309
-0.049947
-0.053163
-0.057110
-0.059175
-0.059951
-0.059562
-0.054565
-0.050070
-0.058007
-0.071885
-0.074219
-0.067248
-0.060523
-0.057883
-0.059110
-0.061014
-0.062086
-0.058565
-0.048091
-0.031248
-0.008634
0.032748
0.118146
0.236536
0.346594
0.441825
0.514185
0.551015
0.570327
0.578006
0.577633
0.558086
0.509438
0.452863
0.393026
0.323295
0.254677
0.191774
0.132828
0.086696
0.056904
0.035562
0.013129
-0.007889
-0.023583
-0.034042
-0.038365
-0.043148
-0.050413
-0.054225
-0.054331
-0.055026
-0.057689
-0.061386
-0.060475
-0.044872
-0.012509
0.044061
0.130754
0.239128
0.359624
0.467173
0.535760
0.559414
0.542440
0.489460
0.414398
0.338278
0.271685
0.214315
0.159248
0.108707
0.069252
0.040701
0.016814
-0.005581
-0.022117
-0.031842
-0.039138
-0.044722
-0.046740
-0.046404
-0.044017
-0.028730
0.014088
0.088272
0.193255
0.316479
0.424180
0.472247
0.471870
0.457824
0.416658
0.347584
0.272960
0.204366
0.141250
0.092790
0.061408
0.033047
0.008320
-0.009058
-0.022513
-0.036246
-0.047132
-0.045322
-0.031182
-0.004128
0.059183
0.167981
0.291644
0.385835
0.434833
0.444299
0.415415
0.356750
0.283717
0.216654
0.158795
0.103526
0.056019
0.021172
-0.000692
-0.013806
-0.021898
-0.030188
-0.038713
-0.030455
0.016638
0.109920
0.236389
0.361845
0.449770
0.469563
0.418751
0.340954
0.266242
0.197033
0.134585
0.087545
0.056482
0.027060
0.002525
-0.009365
-0.019022
-0.025927
-0.002220
0.068439
0.176805
0.285363
0.354989
0.386418
0.373198
0.316543
0.247885
0.186012
0.130583
0.082035
0.049163
0.024310
0.000818
-0.013293
-0.012449
0.012262
0.073877
0.165078
0.256920
0.329430
0.361750
0.344629
0.293295
0.223535
0.152183
0.091674
0.049803
0.025727
0.007847
-0.006252
-0.005173
0.020859
0.079840
0.174561
0.270793
0.320458
0.320810
0.295027
0.249326
0.190634
0.132195
0.081994
0.049478
0.027584
0.009812
0.009387
0.039440
0.111094
0.211484
0.295910
0.328048
0.316153
0.280000
0.222187
0.155165
0.097954
0.059262
0.032574
0.011467
0.003226
0.027377
0.093102
0.180957
0.262821
0.308547
0.306488
0.267542
0.208828
0.151244
0.102158
0.060899
0.027603
0.010908
0.020720
0.066057
0.153852
0.245404
0.300241
0.312207
0.278219
0.217890
0.156660
0.103387
0.061512
0.029958
0.010704
0.017138
0.065019
0.142083
0.211326
0.249046
0.254949
0.231289
0.179555
0.119846
0.073562
0.042414
0.021726
0.016840
0.053224
0.130065
0.206693
0.257303
0.270115
0.243788
0.197143
0.146754
0.097187
0.058574
0.039589
0.041058
0.072182
0.125651
0.178805
0.220906
0.238818
0.219112
0.168478
0.112952
0.068254
0.036978
0.029991
0.057254
0.119303
0.194154
0.240055
0.236407
0.196775
0.147368
0.100866
0.060970
0.035485
0.028303
0.048922
0.103545
0.178308
0.243956
0.268391
0.245702
0.194551
0.135789
0.086079
0.054994
0.048337
0.070251
0.120640
0.181010
0.218039
0.215290
0.182335
0.138421
0.092575
0.051986
0.034253
0.047272
0.091506
0.160185
0.213005
0.212321
0.172936
0.126215
0.085482
0.054696
0.037408
0.044785
0.087582
0.147832
0.181061
0.176954
0.157846
0.134086
0.106407
0.074199
0.055299
0.067961
0.113050
0.170315
0.199601
0.194241
0.168827
0.132141
0.095618
0.065639
0.058512
0.087930
0.135599
0.180648
0.211238
0.207338
0.170099
0.123401
0.083544
0.064781
0.084526
0.134165
0.176907
0.188428
0.172487
0.145893
0.114269
0.077929
0.058227
0.071435
0.108722
0.152414
0.179408
0.175251
0.143979
0.102833
0.070833
0.059107
0.075686
0.118289
0.166898
0.197419
0.195261
0.164351
0.123564
0.087355
0.069019
0.081659
0.117418
0.163164
0.197953
0.194222
0.158304
0.115205
0.085940
0.082160
0.103346
0.142542
0.175949
0.180452
0.158192
0.119344
0.082686
0.071689
0.089447
0.125572
0.163443
0.189792
0.190988
0.157851
0.112631
0.083568
0.078622
0.098001
0.132635
0.162359
0.169332
0.145904
0.109556
0.085647
0.080653
0.098418
0.136308
0.171460
0.180003
0.155016
0.112361
0.083505
0.092824
0.134424
0.180956
0.206516
0.196032
0.161916
0.126432
0.101046
0.099740
0.122984
0.148356
0.155591
0.144136
0.123816
0.099970
0.074054
0.049509
0.027633
0.008180
-0.004485
-0.012071
-0.018655
-0.023765
-0.028119
-0.030610
-0.030708
-0.030307
-0.027529
-0.022725
-0.019956
-0.019938
-0.024301
-0.028133
-0.023063
-0.017715
-0.018052
-0.019509
-0.020616
-0.020930
-0.022498
-0.024637
-0.022546
-0.013732
-0.006934
-0.010045
-0.017019
-0.019846
-0.015905
-0.010952
-0.010246
-0.010170
-0.007620
-0.005137
-0.005867
-0.007080
-0.005889
-0.006582
-0.009301
-0.009675
-0.006689
-0.001837
-0.001310
-0.006281
-0.011063
-0.013425
-0.010341
-0.003777
-0.001830
-0.002723
0.000215
0.004359
0.002048
-0.004335
-0.006647
-0.007191
-0.008941
-0.009587
-0.007968
-0.001559
0.003501
-0.001144
-0.005520
-0.003031
-0.001462
-0.004118
-0.008533
-0.010293
-0.008185
-0.006577
-0.008925
-0.010049
-0.007468
-0.005968
-0.005473
-0.004575
-0.003265
-0.002732
-0.002384
-0.000065
-0.000099
-0.003234
-0.002849
0.001593
0.004787
0.002740
-0.000475
-0.000085
0.004267
0.010912
0.019809
0.029823
0.030634
0.023193
0.020502
0.021247
0.019775
0.017104
0.013172
0.013599
0.018950
0.022774
0.025560
0.025741
0.019810
0.011566
0.006860
0.003673
0.001708
0.002983
0.001721
-0.001055
-0.000038
0.002586
0.005018
0.007571
0.009709
0.009502
0.007827
0.010304
0.014570
0.013165
0.009573
0.008546
0.011647
0.017584
0.020862
0.019802
0.016313
0.013483
0.012011
0.012633
0.012223
0.011090
0.017095
0.022487
0.018612
0.014695
0.016501
0.022370
0.028667
0.028746
0.026464
0.024648
0.021726
0.023944
0.029367
0.028234
0.021093
0.019914
0.021668
0.018788
0.020661
0.025308
0.030386
0.040018
0.044592
0.043739
0.045247
0.048102
0.051756
0.055678
0.057709
0.058494
0.057398
0.054729
0.055915
0.059595
0.056930
0.046271
0.034457
0.028414
0.027457
0.023071
0.015306
0.009435
0.007589
0.008934
0.006736
0.004555
0.008456
0.012217
0.008428
0.003421
0.010046
0.026992
0.041811
0.048393
0.053138
0.060207
0.065603
0.068643
0.074155
0.078088
0.075845
0.075475
0.074988
0.068379
0.063195
0.059007
0.049005
0.037210
0.027569
0.019643
0.017816
0.021735
0.022488
0.018482
0.013192
0.010900
0.011515
0.008182
0.003928
0.007111
0.015966
0.027131
0.043063
0.057638
0.068504
0.082006
0.095123
0.109152
0.122984
0.128376
0.126230
0.118059
0.107280
0.098836
0.087098
0.072538
0.059522
0.046482
0.033796
0.024809
0.023566
0.022628
0.016394
0.010555
0.006561
0.006179
0.013069
0.018737
0.018713
0.018289
0.017718
0.022907
0.039441
0.063411
0.087833
0.111769
0.137588
0.161029
0.182105
0.197884
0.194944
0.181050
0.172824
0.160720
0.139311
0.120326
0.103081
0.084222
0.069172
0.057416
0.046978
0.037983
0.028479
0.021709
0.017195
0.009979
0.009201
0.017397
0.019659
0.017382
0.018409
0.022526
0.033842
0.047364
0.062054
0.092544
0.132192
0.163561
0.188404
0.209051
0.222960
0.226669
0.217243
0.200304
0.182682
0.164653
0.143600
0.120390
0.099384
0.079717
0.058822
0.041291
0.030725
0.024505
0.019103
0.015426
0.013453
0.008139
0.000751
-0.000267
0.006399
0.015804
0.026969
0.042078
0.066040
0.099969
0.142858
0.199192
0.258068
0.296223
0.311369
0.317453
0.310103
0.285888
0.258277
0.227098
0.194227
0.162665
0.131408
0.106215
0.084077
0.060553
0.041444
0.031948
0.024803
0.018808
0.017400
0.013733
0.010730
0.011103
0.010186
0.010027
0.013589
0.025006
0.045686
0.078523
0.127618
0.183320
0.230548
0.266348
0.292528
0.301508
0.292074
0.280275
0.273353
0.262602
0.238832
0.202358
0.166071
0.134041
0.104106
0.077774
0.056097
0.045283
0.041006
0.028413
0.013594
0.006064
0.000378
-0.002480
-0.002330
0.000221
0.006711
0.015029
0.028454
0.052108
0.085144
0.129764
0.190081
0.254436
0.309355
0.350825
0.367232
0.361959
0.348420
0.320883
0.280343
0.236403
0.196445
0.160012
0.126082
0.099539
0.078996
0.060915
0.041182
0.023522
0.014977
0.011765
0.009313
0.008607
0.007664
0.000726
-0.005887
-0.001445
0.011257
0.028131
0.053973
0.101786
0.176278
0.262227
0.337684
0.383107
0.395707
0.387932
0.370876
0.352447
0.332358
0.306369
0.270509
0.222667
0.173737
0.135128
0.103432
0.077790
0.060685
0.044535
0.027769
0.018285
0.014614
0.010011
0.003488
-0.001368
-0.001475
-0.000164
0.001916
0.012970
0.043486
0.094665
0.156377
0.221308
0.280851
0.331853
0.374482
0.395102
0.391736
0.370079
0.342952
0.316796
0.275414
0.230503
0.193579
0.155302
0.120693
0.096701
0.078031
0.059191
0.044350
0.032646
0.019645
0.009872
0.004762
-0.001874
-0.008149
-0.007040
-0.002650
0.003979
0.023325
0.056557
0.100281
0.160324
0.238322
0.320223
0.389352
0.434145
0.444289
0.423470
0.388689
0.349281
0.309034
0.269983
0.227405
0.182275
0.144580
0.117034
0.095491
0.076680
0.053658
0.031122
0.021647
0.017981
0.012275
0.007591
0.003799
0.000201
-0.002330
-0.002036
0.007805
0.034427
0.076657
0.136085
0.215223
0.302706
0.384934
0.446083
0.469876
0.465877
0.453163
0.428408
0.387510
0.338966
0.287307
0.236924
0.190920
0.151400
0.120094
0.090816
0.062638
0.043468
0.035103
0.028945
0.018838
0.008140
0.002531
0.002861
0.002769
0.002075
0.009314
0.031299
0.068215
0.119669
0.187975
0.266497
0.346515
0.418474
0.476463
0.520484
0.525835
0.481279
0.423244
0.371778
0.322123
0.271960
0.224417
0.185314
0.150756
0.115337
0.081477
0.055297
0.041282
0.033366
0.024060
0.016347
0.010919
0.007590
0.007186
0.007368
0.011731
0.024874
0.046922
0.090340
0.157434
0.224368
0.286294
0.358016
0.442428
0.519419
0.554139
0.541396
0.502497
0.448741
0.390700
0.337230
0.285031
0.231395
0.182115
0.141054
0.108119
0.082034
0.060998
0.044380
0.032172
0.025807
0.022620
0.016256
0.005794
0.000006
0.002125
0.008252
0.021935
0.049639
0.101369
0.170706
0.240718
0.318974
0.408929
0.497059
0.546997
0.539368
0.512554
0.483037
0.435986
0.375441
0.316015
0.262519
0.213788
0.171490
0.136201
0.105540
0.079803
0.059525
0.038742
0.023099
0.020719
0.019203
0.013725
0.012822
0.013819
0.012927
0.012179
0.012440
0.015606
0.020185
0.022370
0.023192
0.026344
0.030790
0.031466
0.026817
0.023482
0.029478
0.033972
0.030644
0.031079
0.034708
0.035504
0.034127
0.032095
0.030758
0.030919
0.031579
0.031017
0.030244
0.029872
0.026795
0.020894
0.017623
0.021116
0.025522
0.024822
0.022445
0.025004
0.031794
0.033874
0.034913
0.036233
0.032009
0.029334
0.031532
0.034456
0.033989
0.032031
0.034021
0.036992
0.036715
0.039204
0.045278
0.051816
0.059799
0.060519
0.055868
0.052741
0.051966
0.052463
0.049729
0.048447
0.048018
0.048370
0.052427
0.055148
0.057490
0.059622
0.061359
0.061542
0.058693
0.058167
0.056838
0.052581
0.050304
0.048422
0.044113
0.042208
0.043919
0.042862
0.039375
0.037877
0.040668
0.042123
0.038225
0.036185
0.038212
0.038906
0.036730
0.038811
0.042643
0.038151
0.033646
0.036526
0.043685
0.052509
0.056094
0.054427
0.052859
0.051977
0.051684
0.053349
0.056303
0.055847
0.052274
0.049882
0.049784
0.049758
0.047954
0.045171
0.043804
0.044148
0.042985
0.040111
0.040316
0.045040
0.051053
0.053616
0.048212
0.041825
0.043145
0.044221
0.038863
0.037967
0.043282
0.045427
0.044476
0.040236
0.034753
0.033697
0.033671
0.031994
0.029827
0.026813
0.024756
0.021784
0.015082
0.009019
0.006060
0.005890
0.004971
0.000697
-0.000454
0.003261
0.005316
0.006133
0.010465
0.011813
0.007800
0.007683
0.008234
0.004314
0.003505
0.004605
0.003812
0.005814
0.010898
0.015353
0.014593
0.011439
0.012148
0.012734
0.008348
0.004582
0.008162
0.013482
0.016268
0.014070
0.005143
-0.000040
0.002032
0.004113
0.001865
-0.000760
0.001093
0.002038
0.000599
0.004659
0.011046
0.011789
0.012771
0.016272
0.015674
0.009381
0.003150
0.003837
0.007782
0.010775
0.011795
0.009365
0.009372
0.013953
0.018858
0.018443
0.011682
0.006852
0.007625
0.008696
0.005570
0.005558
0.012344
0.019373
0.025183
0.026327
0.022028
0.020193
0.020044
0.017889
0.020752
0.023017
0.018346
0.018850
0.023110
0.020999
0.016864
0.019918
0.026149
0.027723
0.026760
0.023089
0.020428
0.022617
0.023136
0.022543
0.022619
0.020889
0.018934
0.016278
0.011546
0.008232
0.010837
0.015871
0.015954
0.013884
0.013302
0.011756
0.008551
0.006970
0.011644
0.014817
0.015308
0.022462
0.024501
0.016270
0.012532
0.014036
0.013386
0.012096
0.012758
0.012396
0.011342
0.012724
0.014771
0.012349
0.007905
0.008339
0.007901
0.007579
0.011591
0.009966
0.006737
0.010407
0.014592
0.015572
0.017224
0.020485
0.019891
0.017833
0.018277
0.015030
0.009540
0.010181
0.013613
0.013441
0.010735
0.009696
0.012790
0.015350
0.014491
0.013023
0.013678
0.015642
0.013563
0.009077
0.009641
0.015073
0.016473
0.009725
0.004114
0.006039
0.011377
0.016493
0.018299
0.014553
0.010314
0.011492
0.016950
0.020229
0.017257
0.013031
0.014023
0.017431
0.020165
0.025171
0.026028
0.023711
0.021957
0.023157
0.015318
0.019519
0.010814
