0.089507
0.090604
0.087805
0.078958
0.071474
0.071007
0.072348
0.068052
0.061542
0.057367
0.052604
0.047986
0.046096
0.044216
0.039608
0.035557
0.039778
0.048770
0.051929
0.051976
0.055667
0.060499
0.063783
0.067684
0.069740
0.065889
0.060934
0.059297
0.055977
0.053992
0.059722
0.066080
0.066083
0.059133
0.053047
0.050776
0.045354
0.043214
0.049777
0.054055
0.052254
0.049439
0.046832
0.042493
0.037549
0.036610
0.036625
0.033976
0.030736
0.027124
0.026228
0.029300
0.031877
0.035043
0.036443
0.033525
0.033099
0.032910
0.029294
0.025046
0.022242
0.024702
0.031159
0.036703
0.035539
0.030149
0.034361
0.046185
0.050974
0.047910
0.044561
0.042370
0.038265
0.035832
0.036663
0.034216
0.030351
0.028927
0.028735
0.031273
0.031140
0.028669
0.029888
0.027141
0.022216
0.022356
0.022475
0.018795
0.015760
0.016970
0.016594
0.014016
0.013349
0.008789
0.001881
0.002208
0.010246
0.019132
0.025667
0.034451
0.046063
0.059874
0.079721
0.101542
0.118981
0.135060
0.162599
0.205971
0.249996
0.288802
0.328063
0.361891
0.380709
0.390480
0.400607
0.408167
0.409075
0.411464
0.418791
0.416034
0.402027
0.389913
0.384506
0.381538
0.373633
0.364119
0.357984
0.350913
0.340652
0.332294
0.326951
0.318961
0.305621
0.291617
0.276855
0.257145
0.237844
0.225979
0.217093
0.197742
0.168671
0.144045
0.128021
0.115632
0.100747
0.082090
0.063512
0.044437
0.023917
0.004133
-0.014085
-0.029465
-0.041142
-0.051601
-0.060965
-0.070956
-0.083994
-0.092544
-0.094539
-0.098566
-0.105633
-0.110850
-0.116266
-0.122247
-0.126757
-0.130409
-0.131998
-0.135927
-0.142848
-0.145263
-0.142686
-0.141850
-0.142904
-0.137568
-0.125046
-0.101188
-0.057341
0.002400
0.087950
0.216842
0.363142
0.490795
0.581824
0.626766
0.639723
0.633301
0.609623
0.575158
0.534365
0.485487
0.434111
0.389029
0.341625
0.286329
0.231570
0.182229
0.138025
0.096835
0.057859
0.023211
-0.006821
-0.031446
-0.047899
-0.059683
-0.072228
-0.084614
-0.094762
-0.103565
-0.111389
-0.117478
-0.122522
-0.127738
-0.125221
-0.094722
-0.017715
0.119643
0.288421
0.422502
0.502118
0.547202
0.561264
0.544237
0.510319
0.463629
0.408884
0.352132
0.294299
0.237180
0.176156
0.116454
0.069721
0.035035
0.004511
-0.021584
-0.041984
-0.060966
-0.078597
-0.092907
-0.105289
-0.113228
-0.106235
-0.069990
0.004380
0.119549
0.260960
0.390087
0.473539
0.501859
0.490476
0.455917
0.404677
0.341818
0.274251
0.213093
0.158909
0.107639
0.060448
0.019820
-0.010307
-0.030759
-0.048400
-0.067014
-0.082124
-0.089301
-0.085044
-0.042924
0.066925
0.225354
0.367664
0.444994
0.465891
0.451493
0.413743
0.362195
0.297878
0.230902
0.170034
0.114580
0.067501
0.029291
-0.005883
-0.035629
-0.056345
-0.070442
-0.075420
-0.053820
0.020578
0.150165
0.298357
0.405690
0.440888
0.420774
0.376108
0.324722
0.267011
0.203675
0.140170
0.086128
0.044960
0.009684
-0.022420
-0.049190
-0.067684
-0.067843
-0.032548
0.052346
0.183946
0.313689
0.392636
0.415685
0.391033
0.334816
0.265391
0.196637
0.135444
0.083878
0.042825
0.007699
-0.024343
-0.048672
-0.056055
-0.024705
0.061858
0.181679
0.303579
0.386525
0.395702
0.354348
0.296071
0.231319
0.164747
0.104244
0.056974
0.019221
-0.011800
-0.036398
-0.049069
-0.025941
0.059200
0.192314
0.315918
0.377361
0.365537
0.312048
0.246311
0.180005
0.122336
0.074640
0.036077
0.001702
-0.029572
-0.045708
-0.022730
0.064082
0.197271
0.309239
0.351410
0.335274
0.285966
0.220361
0.154082
0.096364
0.048767
0.010054
-0.019853
-0.036877
-0.019450
0.049834
0.166520
0.289237
0.349942
0.334875
0.276398
0.201742
0.134572
0.082884
0.040695
0.004668
-0.019350
-0.020556
0.020199
0.115776
0.234978
0.317964
0.328222
0.282847
0.217706
0.150620
0.092107
0.045208
0.007022
-0.020397
-0.019078
0.033692
0.134450
0.246006
0.310776
0.302357
0.245102
0.172769
0.108716
0.060182
0.023434
-0.006068
-0.014923
0.022427
0.108017
0.211514
0.282916
0.295759
0.258297
0.192331
0.126151
0.073691
0.030606
-0.002830
-0.010127
0.029578
0.119498
0.224751
0.283440
0.268738
0.212088
0.147544
0.092434
0.051813
0.017452
-0.007089
0.002876
0.070755
0.174029
0.253847
0.273616
0.235385
0.169559
0.107158
0.058242
0.021242
-0.001891
0.007500
0.067438
0.169608
0.259610
0.278713
0.235596
0.168947
0.107248
0.061184
0.025886
0.009254
0.030626
0.103845
0.195835
0.244106
0.232594
0.185503
0.129883
0.079248
0.037423
0.013215
0.017876
0.062821
0.141325
0.219007
0.252931
0.222446
0.157582
0.098174
0.050749
0.019350
0.022445
0.070865
0.146801
0.213909
0.239407
0.208695
0.146987
0.090982
0.049228
0.020474
0.022353
0.078057
0.164041
0.223583
0.228764
0.187863
0.129150
0.077779
0.039365
0.021157
0.042112
0.110787
0.197270
0.240595
0.221342
0.170336
0.110382
0.058113
0.031242
0.041633
0.089219
0.159377
0.218462
0.222965
0.176657
0.118288
0.068003
0.035742
0.030520
0.067875
0.144420
0.204204
0.205724
0.165857
0.114603
0.069390
0.037449
0.037300
0.083417
0.152057
0.205116
0.208369
0.163403
0.108494
0.060948
0.031061
0.038337
0.084856
0.151686
0.195114
0.181481
0.131905
0.082782
0.047061
0.033169
0.059676
0.122856
0.182372
0.202026
0.173322
0.117570
0.065739
0.034898
0.036923
0.078798
0.135621
0.164185
0.150023
0.109308
0.063965
0.030374
0.026742
0.069816
0.141781
0.191882
0.193563
0.159827
0.111665
0.067332
0.047879
0.072996
0.137162
0.197575
0.211298
0.173908
0.115351
0.068257
0.048252
0.068499
0.125299
0.177510
0.185439
0.148919
0.098673
0.059730
0.048061
0.076500
0.125980
0.157655
0.150700
0.112358
0.068169
0.033736
0.005199
-0.021045
-0.041555
-0.056345
-0.066722
-0.074719
-0.082032
-0.084947
-0.086995
-0.092527
-0.096609
-0.097280
-0.096655
-0.096985
-0.095474
-0.089395
-0.084419
-0.082777
-0.083148
-0.082795
-0.077314
-0.070493
-0.067950
-0.069994
-0.072983
-0.074048
-0.075983
-0.078053
-0.076744
-0.076626
-0.077315
-0.072861
-0.067321
-0.065784
-0.064242
-0.057599
-0.050324
-0.051545
-0.057615
-0.059128
-0.058246
-0.060034
-0.065520
-0.070156
-0.069693
-0.067412
-0.064829
-0.062037
-0.057664
-0.050755
-0.045907
-0.045590
-0.049296
-0.053280
-0.054315
-0.050357
-0.041966
-0.039242
-0.044039
-0.047892
-0.048900
-0.049127
-0.051289
-0.054937
-0.055614
-0.053642
-0.050900
-0.046298
-0.043588
-0.046707
-0.048678
-0.045332
-0.042560
-0.041598
-0.040764
-0.042807
-0.046671
-0.047880
-0.046619
-0.043741
-0.043216
-0.048479
-0.053829
-0.055505
-0.052523
-0.046261
-0.040341
-0.037526
-0.038008
-0.036982
-0.036524
-0.039473
-0.039762
-0.037654
-0.038977
-0.041424
-0.041815
-0.041097
-0.040430
-0.040565
-0.041283
-0.044126
-0.047461
-0.046740
-0.042089
-0.034467
-0.028024
-0.028397
-0.032764
-0.037235
-0.036759
-0.029637
-0.023414
-0.022069
-0.024687
-0.026640
-0.024257
-0.019610
-0.016107
-0.016384
-0.020784
-0.025081
-0.025454
-0.023748
-0.020676
-0.016770
-0.019020
-0.026043
-0.027921
-0.025175
-0.023133
-0.020913
-0.015498
-0.010494
-0.012736
-0.019198
-0.021811
-0.021512
-0.022471
-0.022233
-0.020459
-0.024870
-0.035077
-0.039555
-0.036898
-0.033393
-0.032131
-0.034776
-0.039252
-0.043143
-0.044940
-0.044745
-0.045178
-0.047718
-0.047592
-0.038989
-0.025867
-0.016196
-0.011919
-0.010466
-0.009721
-0.004599
0.007314
0.021907
0.036568
0.045395
0.041611
0.034017
0.030486
0.025298
0.015621
0.001443
-0.012368
-0.019468
-0.023455
-0.030122
-0.039541
-0.045951
-0.049793
-0.056830
-0.061848
-0.059901
-0.055315
-0.054584
-0.058470
-0.056605
-0.041052
-0.016649
0.006738
0.027017
0.053413
0.083581
0.103371
0.115572
0.127957
0.138394
0.145469
0.145147
0.133260
0.111839
0.085150
0.061554
0.043412
0.022831
0.002697
-0.012291
-0.026055
-0.038467
-0.051510
-0.063385
-0.066753
-0.066860
-0.068994
-0.069588
-0.070560
-0.068160
-0.053028
-0.029137
-0.003219
0.023711
0.053595
0.087868
0.122340
0.158519
0.193072
0.211240
0.212622
0.204519
0.192018
0.174530
0.151473
0.126033
0.097458
0.070645
0.048005
0.026753
0.007305
-0.009777
-0.024332
-0.035188
-0.043094
-0.049854
-0.055632
-0.060087
-0.062813
-0.064073
-0.061550
-0.049748
-0.024112
0.013105
0.052131
0.095286
0.148623
0.209841
0.268854
0.311119
0.337617
0.343711
0.325348
0.296399
0.263980
0.226997
0.187036
0.146711
0.108311
0.073986
0.045458
0.024709
0.007440
-0.008694
-0.023060
-0.037718
-0.051728
-0.062704
-0.067445
-0.067229
-0.063084
-0.051452
-0.031668
-0.001950
0.039224
0.091001
0.151328
0.219488
0.288142
0.336235
0.363301
0.375473
0.363844
0.338910
0.306869
0.261508
0.213048
0.170180
0.131696
0.097085
0.064696
0.032335
0.005085
-0.012599
-0.022680
-0.030759
-0.041863
-0.051741
-0.059094
-0.067521
-0.072299
-0.068517
-0.054607
-0.025771
0.025480
0.095603
0.166610
0.230714
0.293824
0.349856
0.385339
0.399525
0.402514
0.398602
0.377159
0.340957
0.301717
0.258408
0.209734
0.157756
0.111301
0.074931
0.044888
0.018769
-0.003272
-0.018755
-0.030942
-0.042202
-0.050841
-0.057563
-0.063297
-0.067443
-0.064457
-0.052199
-0.023150
0.027683
0.096412
0.186473
0.280346
0.348626
0.387979
0.408617
0.414615
0.406261
0.383710
0.351370
0.310570
0.264130
0.220499
0.177952
0.132632
0.089537
0.055757
0.029537
0.006549
-0.012027
-0.024030
-0.032318
-0.042950
-0.056259
-0.064821
-0.066162
-0.066527
-0.065997
-0.052377
-0.012227
0.060589
0.157477
0.255530
0.335208
0.388224
0.418824
0.436525
0.443078
0.432029
0.405366
0.372115
0.330732
0.280093
0.228014
0.179546
0.136097
0.097693
0.062066
0.030524
0.006457
-0.010402
-0.024998
-0.037454
-0.043418
-0.048292
-0.056114
-0.061688
-0.059888
-0.050892
-0.031847
0.012526
0.084060
0.169972
0.268323
0.361610
0.423318
0.453163
0.458144
0.445835
0.427441
0.402145
0.362856
0.313838
0.263682
0.214160
0.164268
0.118568
0.082607
0.052047
0.022444
-0.001290
-0.016680
-0.030008
-0.044682
-0.055809
-0.061104
-0.063464
-0.065130
-0.064298
-0.053884
-0.026263
0.031022
0.124319
0.234225
0.332700
0.407526
0.452337
0.469141
0.470776
0.456117
0.428355
0.394699
0.351068
0.298930
0.244029
0.192102
0.147270
0.109639
0.077011
0.047221
0.020047
-0.002698
-0.019041
-0.030016
-0.039099
-0.044797
-0.050567
-0.061046
-0.066482
-0.058639
-0.035611
0.002682
0.057546
0.142661
0.252011
0.351416
0.422658
0.464926
0.487298
0.494052
0.477923
0.443886
0.402051
0.354013
0.305209
0.258288
0.207996
0.157978
0.116845
0.083092
0.049846
0.020353
-0.000034
-0.014054
-0.025885
-0.037800
-0.049990
-0.058419
-0.060301
-0.059163
-0.054646
-0.036383
0.015382
0.110282
0.223796
0.323215
0.400258
0.455066
0.485788
0.497798
0.494038
0.470275
0.429305
0.385177
0.342979
0.293521
0.237114
0.183800
0.136325
0.096961
0.065179
0.037083
0.012083
-0.009382
-0.022132
-0.028461
-0.035742
-0.044502
-0.052756
-0.058047
-0.058521
-0.043544
-0.003331
0.058871
0.139558
0.232003
0.325152
0.407637
0.465890
0.494090
0.500495
0.490563
0.463353
0.424788
0.380738
0.336731
0.288663
0.231520
0.180043
0.137911
0.098263
0.067051
0.043734
0.019738
-0.002696
-0.019013
-0.030256
-0.037606
-0.044373
-0.052341
-0.058834
-0.059180
-0.044712
-0.005215
0.072438
0.183841
0.301559
0.404159
0.483372
0.533389
0.548653
0.538583
0.516266
0.483644
0.438439
0.381809
0.322355
0.268041
0.217206
0.169125
0.130184
0.097980
0.066188
0.038046
0.016638
-0.001140
-0.015602
-0.026054
-0.034932
-0.043632
-0.051618
-0.054210
-0.043844
-0.011531
0.048420
0.128349
0.227370
0.339527
0.434253
0.498365
0.535166
0.546030
0.534813
0.506141
0.467556
0.426615
0.380981
0.324395
0.263919
0.209736
0.165563
0.127466
0.092331
0.063799
0.040825
0.019527
0.000173
-0.014734
-0.023920
-0.028470
-0.033919
-0.042399
-0.047570
-0.044928
-0.030175
-0.002314
0.031035
0.057962
0.071292
0.078067
0.077395
0.068723
0.064028
0.062474
0.061923
0.058899
0.050056
0.041978
0.034199
0.026388
0.021518
0.019290
0.018859
0.018426
0.018996
0.021940
0.022974
0.020692
0.018100
0.017711
0.019422
0.018565
0.016816
0.018205
0.019060
0.017821
0.019126
0.023457
0.023467
0.017949
0.014947
0.018389
0.022350
0.021936
0.021225
0.025290
0.032618
0.035235
0.030438
0.023690
0.019571
0.018612
0.018056
0.018131
0.018777
0.018330
0.018980
0.023121
0.027499
0.028073
0.028155
0.027853
0.025654
0.024598
0.023992
0.021920
0.017256
0.013602
0.015083
0.016023
0.013505
0.012463
0.013887
0.014496
0.016005
0.020467
0.024676
0.027302
0.026229
0.021943
0.019098
0.018502
0.021476
0.029531
0.036540
0.035593
0.033744
0.036010
0.039967
0.043980
0.042235
0.033481
0.023990
0.022277
0.027121
0.029260
0.029206
0.029555
0.027291
0.022407
0.018512
0.016233
0.014605
0.018386
0.025244
0.026795
0.024070
0.022400
0.026099
0.031948
0.032392
0.027927
0.024687
0.024942
0.027140
0.030939
0.033269
0.032706
0.032699
0.030692
0.031001
0.040013
0.045024
0.039240
0.032830
0.029884
0.027708
0.026979
0.027836
0.026776
0.022128
0.017107
0.012241
0.005600
0.000485
-0.003222
-0.009394
-0.016931
-0.022119
-0.025126
-0.029712
-0.033478
-0.034312
-0.035691
-0.038148
-0.041267
-0.042621
-0.040887
-0.041070
-0.043150
-0.044862
-0.048925
-0.052095
-0.051477
-0.050091
-0.047458
-0.044975
-0.045146
-0.047839
-0.050868
-0.051900
-0.051935
-0.050856
-0.047891
-0.044066
-0.041945
-0.042590
-0.043668
-0.042546
-0.040076
-0.041848
-0.045145
-0.041001
-0.036428
-0.040068
-0.044061
-0.042958
-0.040560
-0.037759
-0.035078
-0.035507
-0.036480
-0.036777
-0.038143
-0.039359
-0.040941
-0.043165
-0.042823
-0.037757
-0.033563
-0.033918
-0.034026
-0.032164
-0.030880
-0.030909
-0.031145
-0.031886
-0.032787
-0.032128
-0.031704
-0.031674
-0.029682
-0.027742
-0.024565
-0.019764
-0.018802
-0.017999
-0.014734
-0.011238
-0.007902
-0.009055
-0.013895
-0.015786
-0.012503
-0.011083
-0.016412
-0.019649
-0.019142
-0.020598
-0.022470
-0.023499
-0.021952
-0.017928
-0.014123
-0.009438
-0.004844
-0.005753
-0.008836
-0.005798
-0.001776
-0.002903
-0.005475
-0.007318
-0.005960
-0.000094
0.003277
-0.000266
-0.006686
-0.012199
-0.016085
-0.015897
-0.012096
-0.009694
-0.009519
-0.010221
-0.010143
-0.008840
-0.005887
-0.002901
-0.004024
-0.005010
-0.003062
-0.002540
-0.000945
0.000366
-0.004385
-0.004883
0.001338
0.003208
0.001598
0.002577
0.005435
0.004613
0.003665
0.006003
0.006235
0.003500
0.000029
-0.001191
0.001869
0.006026
0.008622
0.010020
0.010041
0.008865
0.008533
0.006925
0.002763
0.002777
0.006680
0.007782
0.006064
0.008401
0.012517
0.011555
0.011536
0.009955
0.001905
-0.001072
0.001169
-0.000883
-0.004191
-0.006337
-0.006570
-0.004377
-0.005519
-0.007892
-0.007107
-0.006802
-0.007609
-0.008195
-0.007780
-0.007998
-0.006457
-0.003991
0.001445
-0.004210
-0.001013
-0.008935
