127.000000
127.000000
127.000000
127.000000
127.000000
127.000000
127.000000
127.000000
127.000000
127.000000
127.000000
127.000000
127.000000
127.000000
127.000000
127.000000
127.000000
127.000000
127.000000
127.000000
127.000000
127.000000
127.000000
127.000000
127.000000
127.000000
127.000000
127.000000
127.000000
127.000000
127.000000
127.000000
127.000006
127.000012
126.999993
127.000013
127.000009
126.999995
126.999996
126.999988
127.000006
127.000012
126.999992
127.000013
127.000010
126.999995
126.999997
126.999988
127.000006
127.000012
126.999993
127.000013
127.000010
126.999995
126.999997
126.999988
127.000006
127.000012
126.999993
127.000013
127.000010
126.999995
126.999998
126.999988
127.000006
127.000012
126.999993
127.000013
127.000010
126.999994
126.999998
126.999988
127.000006
127.000012
126.999993
127.000013
127.000010
126.999994
126.999999
126.999989
127.000006
127.000012
126.999994
127.000013
127.000010
126.999994
126.999999
126.999989
127.000006
127.000012
126.999994
127.000012
127.000008
127.001151
126.997173
127.004165
127.003519
126.971627
127.069065
126.906492
128.059155
129.444628
129.863525
131.606126
133.039370
134.352752
135.930463
138.772663
140.106899
142.614681
145.630057
148.755569
151.205006
154.675251
157.568567
161.494446
165.216587
168.890485
172.818375
176.319848
181.217823
185.240119
189.724349
194.266858
198.199242
203.513184
207.537920
212.362462
216.251229
221.023790
225.214409
229.521143
233.210191
237.035754
240.109815
243.457400
246.109932
248.738763
250.637827
251.788626
253.033509
252.925123
253.117081
252.197738
250.907648
248.217671
246.118143
241.707527
237.791128
232.343805
226.281457
219.066815
211.532505
202.740970
193.569858
183.363216
173.374056
162.119003
150.414135
137.691495
126.344133
113.390385
100.268729
87.688344
76.310539
63.918059
52.965835
41.518198
31.450873
22.999942
15.578768
8.719090
4.801704
1.087123
-0.042301
-0.071021
2.225748
6.036358
12.414909
19.857701
29.659008
41.089530
54.249191
68.798737
84.976895
101.208001
117.821381
136.440476
154.052960
171.317169
187.496585
202.985005
216.780996
229.126083
239.131537
247.139655
251.161316
253.306724
251.988881
247.883495
240.514750
231.100525
217.162566
201.349145
183.905824
164.589342
143.130590
121.953498
100.688971
79.592703
60.317964
42.251642
27.098926
14.046387
5.328566
0.263920
0.086339
3.239326
11.452141
23.042760
39.057895
57.241294
79.449243
102.604386
127.554181
152.735607
176.508086
199.009739
218.036134
234.103335
245.213842
252.498694
252.917124
249.199737
238.980604
224.515576
204.634560
181.650109
155.299211
127.759681
100.295099
73.932300
49.234464
28.501510
13.191905
2.791646
-0.504981
3.075526
12.843863
28.644553
49.543309
76.218684
104.933569
134.964662
165.031692
193.522297
217.437813
236.429058
248.742967
252.898352
250.559376
239.357755
221.782010
196.612508
167.939152
135.231296
102.916367
70.957902
43.283053
20.780433
6.119701
0.124276
2.406835
14.192786
33.992530
60.886161
93.237327
127.246017
162.534045
195.142067
221.601706
241.423379
251.456824
252.740440
241.987474
222.913993
195.365007
161.827144
124.413161
87.360978
53.853488
26.971879
8.032710
-0.103903
3.189056
18.286353
42.963364
75.466513
112.905181
152.917003
189.383612
220.449537
241.956650
252.599490
250.466428
235.668640
209.571890
174.942923
135.090345
94.395494
56.384329
26.131309
5.969590
-0.135477
6.860929
27.362513
59.505692
98.081154
141.843109
183.042779
218.166857
242.332756
252.967470
248.488070
230.156134
198.508586
157.575947
113.639439
70.041929
34.234797
8.777277
0.048777
5.978167
28.758184
63.624037
107.045902
153.240869
196.261071
230.104128
249.555879
252.547214
237.179257
207.263113
165.997946
117.519266
71.918754
33.106717
7.069726
0.157037
10.502639
38.477843
80.187040
128.738259
177.598521
218.091380
245.017634
252.987076
241.739311
211.953481
168.091018
118.165943
68.113956
28.943196
4.697147
0.462587
17.640808
53.091192
101.569290
153.931976
202.009348
236.399804
252.503312
246.783684
219.526789
174.976837
121.643367
70.338655
27.653583
3.175319
1.512309
23.371768
63.901326
117.106856
171.566401
217.987931
246.846924
252.443376
233.879254
193.250160
139.570902
83.745333
35.983744
5.633760
0.966051
21.242226
62.835368
118.535065
175.174795
222.689070
249.454282
250.083611
224.289468
177.919155
119.384249
63.033517
19.784718
0.423916
8.139235
43.582710
97.259432
157.590999
211.416664
245.637309
252.002258
229.608796
183.805598
123.097458
64.421029
19.121537
0.369663
10.995930
50.372403
108.525768
170.996792
222.418500
250.806607
247.409034
214.705379
159.046009
95.219467
38.974611
4.997044
3.019797
32.436361
87.704385
152.313297
211.076219
246.918467
250.683715
221.547912
165.954505
100.238427
40.473467
5.128887
3.194846
35.094099
93.659322
160.313011
218.985684
250.333131
246.679388
208.411529
146.466339
78.170467
24.249965
0.443037
13.427108
60.292169
127.109445
193.957327
240.568856
252.674646
226.577692
169.053698
98.228889
36.444356
2.405167
7.960619
49.760345
117.249024
186.547654
238.216811
252.702829
227.742280
168.318898
96.320295
32.635994
1.313349
10.518255
59.426353
130.240613
200.356473
245.567811
250.360181
212.415941
144.901316
71.437997
16.151576
0.425654
28.093837
90.311123
166.608189
228.033095
253.794098
233.271156
174.283901
98.459826
31.659532
0.282629
15.504468
71.059626
148.228569
217.013071
252.026010
240.162327
184.203576
106.965077
36.374550
0.857831
13.533267
70.197365
149.049137
218.944157
252.881353
236.811790
176.721052
96.092071
28.379068
-0.797936
22.419782
87.836387
168.977352
233.169872
253.038372
221.299074
149.906692
67.877720
11.606139
2.408651
46.451931
124.548447
203.763933
249.071266
242.115520
185.387076
102.387675
29.999537
-0.263432
25.700749
95.706434
180.134194
241.088707
249.974738
203.845207
122.170875
42.515548
1.482886
16.840849
83.386632
169.554571
235.608622
251.943761
209.091099
127.008747
44.749707
1.421982
16.954413
85.839256
173.715446
238.692625
250.374415
201.532667
115.473634
35.674865
-0.662512
27.066226
102.598920
191.577128
247.793150
242.676755
178.785614
89.504913
17.395271
2.328855
49.359639
136.993958
219.061543
253.281781
221.285742
140.134207
50.797852
2.120757
18.287551
92.015113
185.001749
245.904381
243.181458
177.670722
83.532736
13.624732
4.441442
62.870480
155.787154
233.031887
250.728683
200.607908
107.917224
26.142969
0.198775
45.701010
137.190810
222.210000
253.342450
211.188315
120.970415
31.657822
1.717628
37.801170
131.191327
123.232265
128.986062
126.528704
126.764737
127.263337
126.888161
127.000501
127.000008
127.000007
127.000009
126.999999
127.000015
126.999992
127.000014
127.000005
127.000008
127.000007
127.000010
126.999999
127.000015
126.999992
127.000013
127.000005
127.000008
127.000007
127.000010
126.999999
127.000015
126.999992
127.000013
127.000005
127.000008
127.000007
127.000010
126.999999
127.000015
126.999992
127.000012
127.000005
127.000008
127.000006
127.000010
126.999998
127.000014
126.999992
127.000012
127.000006
127.000008
127.000006
127.000010
126.999998
127.000014
126.999992
127.000012
127.000006
127.000008
127.000006
127.000011
126.999998
127.000014
126.999992
127.000011
127.000006
127.000008
127.000006
127.000011
126.999998
127.000014
126.999992
127.000011
127.000006
127.000008
127.000006
127.000011
126.999997
127.000014
126.999992
127.000010
127.000007
127.000008
127.000006
127.000011
126.999997
127.000013
126.999992
127.000010
127.000007
127.000008
127.000006
127.000012
126.999997
127.000013
126.999992
127.000010
127.000007
127.000008
127.000006
127.000012
126.999997
127.000013
126.999992
127.000009
127.000007
127.000008
127.000006
127.000012
126.999996
127.000013
126.999992
127.000009
127.000008
127.000008
127.000006
127.000012
126.999996
127.000012
126.999992
127.000008
127.000008
127.000008
127.000006
127.000013
126.999996
127.000012
126.999992
127.000008
127.000007
127.000003
127.001477
126.995579
127.003994
127.008565
126.964380
127.066563
126.931273
128.075824
127.925013
128.048235
127.982684
127.974872
128.111588
127.347495
126.962247
126.938984
125.420523
125.148632
124.044351
123.832627
121.655070
122.188094
121.934090
121.863303
120.934856
120.932248
121.884524
121.926271
122.362771
123.608444
124.910432
126.235894
128.541759
129.546639
130.918542
132.232181
134.600395
134.996189
135.016284
135.080797
136.266222
135.245675
135.021503
133.824025
132.694607
130.837437
128.158242
126.810262
124.120866
121.843106
119.142215
117.767843
115.479808
114.366118
113.944697
113.894092
112.771528
113.696200
114.812049
117.181489
118.644539
121.293673
123.800916
126.400873
129.806314
132.879839
135.818155
138.293532
140.798934
142.783620
143.031338
143.101792
144.193418
143.422022
141.277375
138.864475
137.079839
132.910175
130.225773
126.427153
121.801475
117.948760
115.266005
111.652765
109.180570
107.346835
106.042630
105.889221
105.150100
106.687720
108.720659
111.209731
114.176187
117.811902
122.583351
126.423549
131.849857
135.705399
140.679638
143.429384
148.218668
149.523542
150.950924
150.977793
151.065076
150.473179
148.268176
144.546403
140.892670
136.524742
131.393445
126.312108
120.282838
115.516503
110.377142
106.596305
102.758110
99.585547
98.062393
98.046390
97.843413
99.148637
101.801050
105.608072
110.164873
114.975624
121.569649
126.680200
132.943504
139.348922
144.567033
149.452951
153.549151
157.553826
158.918229
158.947712
159.121126
157.966500
154.282982
150.438811
145.536033
139.240313
132.438784
126.102946
119.001620
112.204016
105.420130
100.365236
95.799153
91.928811
90.028193
90.033063
89.813496
91.687469
95.757647
99.642108
106.064377
112.161180
119.346161
126.807632
134.887349
142.321403
149.351093
155.551370
160.791708
164.369073
166.839955
166.875676
167.333694
165.149724
161.353899
155.162799
149.183744
142.077855
134.651382
125.949875
117.132985
109.064073
101.571341
95.276926
89.183757
85.043487
82.089376
82.011497
82.250436
84.156861
88.516242
94.730967
101.267382
109.477276
118.342122
127.197101
136.876950
145.638447
153.407879
160.800845
167.095977
172.127595
174.879297
174.948055
174.863397
172.190703
167.423076
161.119108
153.596236
145.603638
135.783675
125.774880
115.807968
105.702641
96.639103
89.202187
82.953157
77.255327
74.058838
73.945749
74.703983
77.140920
82.438284
88.725421
97.267101
106.584159
116.181773
127.450282
138.193652
148.940036
158.398369
167.118898
173.574239
179.344580
182.972895
183.048007
182.435131
179.045057
174.474510
166.978421
157.788805
147.819227
136.866072
125.599775
114.391276
102.969087
92.762709
82.927162
75.859481
70.362456
66.137408
66.007844
66.566572
69.836015
75.476006
83.104679
93.454897
103.012341
115.058350
127.594150
139.733732
151.436864
163.303059
172.143411
180.249496
186.223918
190.914581
191.045230
190.332481
187.304746
180.583193
172.926108
162.278951
151.101883
138.986994
125.374600
112.593262
99.214597
87.790784
77.844857
69.371457
62.661118
58.095849
57.943841
58.975212
62.966132
68.451324
77.333551
88.744268
100.422765
114.011151
127.748593
141.612209
154.645461
167.129305
178.278481
186.384552
194.243639
197.945792
199.204538
197.891207
194.118630
187.673424
177.738892
167.174885
153.635604
140.023722
125.153584
111.219206
96.405604
83.928818
71.711731
63.108132
55.416187
51.174145
49.898520
50.942547
55.559913
62.391495
72.458522
83.824871
98.057929
111.996211
128.103915
142.872572
158.006594
172.157009
183.503854
193.910276
200.226827
205.793778
207.069019
206.190442
200.704952
193.592450
183.576063
171.711716
156.952187
142.057552
125.850797
109.501886
93.998273
78.955758
66.486569
55.702025
48.653416
43.219005
41.950774
42.786158
48.333886
55.390607
66.667707
79.351129
94.549262
110.960155
127.331812
144.518383
160.703765
176.055243
189.682632
200.077665
208.108279
213.796070
215.041207
214.297359
207.992260
200.560980
189.200148
175.124343
159.350204
143.049741
125.407399
107.456699
90.713124
73.971899
60.372819
49.467326
40.834753
35.188222
33.877305
35.265847
41.324761
49.338785
60.687175
75.368430
91.735786
108.817037
127.498918
146.568082
163.657335
180.953556
194.667989
206.843788
214.944897
221.768921
223.092537
221.767028
215.628365
207.676307
195.062567
179.563886
162.752970
144.162207
125.315021
105.393469
87.658619
70.016856
55.034408
42.151453
33.987390
27.257867
26.105038
27.933375
33.757753
43.358563
54.812720
70.948573
88.276282
107.748595
127.737392
147.880078
167.204970
184.981139
201.141835
213.568750
222.943835
228.782940
231.073996
228.835250
223.478563
212.646073
201.024551
183.982494
166.063261
146.206168
124.915936
104.235242
83.988144
66.030544
48.769801
36.116512
25.873750
20.245579
18.010250
19.922263
26.441199
36.398063
49.146843
66.143378
85.923756
105.760009
128.126735
149.217411
170.011112
188.935402
206.313636
220.161286
229.921206
236.717779
238.964323
237.086208
230.578195
219.699139
205.830795
188.697649
169.357474
147.293547
124.739644
102.707762
81.263996
62.061888
43.591772
29.486119
18.969495
12.272543
9.956871
12.495218
18.713868
30.225683
44.075217
61.719923
82.414527
104.760720
127.409195
150.813867
173.376107
193.933039
212.437473
226.417098
237.762266
244.744823
247.017926
244.661341
237.440709
226.698759
211.551789
193.390827
171.807662
149.215178
125.290351
101.105797
78.644804
57.143609
37.543639
23.172696
11.125961
4.256950
1.975749
4.420160
11.373253
23.308387
38.700177
57.397120
79.760875
102.363716
127.000000
127.000000
127.000000
127.000000
127.000000
127.000000
127.000000
127.000000
127.000000
127.000000
127.000000
127.000000
127.000000
127.000000
127.000000
127.000000
127.000000
127.000000
127.000000
127.000000
127.000000
127.000000
127.000000
127.000000
127.000000
127.000000
127.000000
127.000000
127.000000
127.000000
127.000000
127.000000
127.000000
127.000000
127.000000
127.000000
127.000000
127.000000
127.000000
127.000000
127.000000
127.000000
127.000000
127.000000
127.000000
127.000000
127.000000
127.000000
127.000000
127.000000
127.000000
127.000000
127.000000
127.000000
127.000000
127.000000
127.000000
127.000000
127.000000
127.000000
127.000000
127.000000
127.000000
127.000000
127.000000
127.000000
127.000000
127.000000
127.000000
127.000000
127.000000
127.000000
127.000000
127.000000
127.000000
127.000000
127.000000
127.000000
127.000000
127.000000
127.000000
127.000000
127.000000
127.000000
127.000000
127.000000
127.000000
127.000000
127.000000
127.000000
127.000000
127.000000
127.000000
127.000000
127.000000
127.000000
127.000000
127.000000
127.000000
127.000000
127.000000
127.000000
127.000000
127.000000
127.000000
127.000000
127.000000
127.000000
127.000000
127.000000
127.000000
127.000000
127.000000
127.000000
127.000000
127.000000
127.000000
127.000000
127.000000
127.000000
127.000000
127.000000
127.000000
127.000000
127.000000
127.000000
127.000000
127.000000
0.000000
0.000000
0.000000
0.000000
0.000000
0.000000
0.000000
0.000000
0.000000
0.000000
0.000000
0.000000
0.000000
0.000000
0.000000
0.000000
0.000000
0.000000
0.000000
0.000000
0.000000
0.000000
0.000000
0.000000
0.000000
0.000000
0.000000
0.000000
0.000000
0.000000
0.000000
0.000000
0.000000
0.000000
0.000000
0.000000
0.000000
0.000000
0.000000
0.000000
0.000000
0.000000
0.000000
0.000000
0.000000
0.000000
0.000000
0.000000
0.000000
0.000000
0.000000
0.000000
0.000000
0.000000
0.000000
0.000000
0.000000
0.000000
0.000000
0.000000
0.000000
0.000000
0.000000
0.000000
0.000000
0.000000
0.000000
0.000000
0.000000
0.000000
0.000000
0.000000
0.000000
0.000000
0.000000
0.000000
0.000000
0.000000
0.000000
0.000000
0.000000
0.000000
0.000000
0.000000
0.000000
0.000000
0.000000
0.000000
0.000000
0.000000
0.000000
0.000000
0.000000
0.000000
0.000000
0.000000
0.000000
0.000000
0.000000
0.000000
0.000000
0.000000
0.000000
0.000000
0.000000
0.000000
0.000000
0.000000
0.000000
0.000000
0.000000
0.000000
0.000000
0.000000
0.000000
0.000000
0.000000
0.000000
0.000000
0.000000
0.000000
0.000000
0.000000
0.000000
0.000000
0.000000
0.000000
0.000000
