0.037119
-0.028470
-0.041369
-0.042493
-0.016496
-0.029492
-0.012303
-0.000107
-0.045443
-0.069932
-0.049584
-0.012412
0.018259
0.004724
-0.036106
-0.064089
-0.051034
-0.031589
-0.024759
-0.011718
-0.000074
-0.002300
-0.027815
-0.032728
-0.015714
-0.022958
-0.023746
0.019436
0.067809
0.053572
-0.005556
-0.024463
-0.017243
-0.029055
-0.014660
0.013709
0.009120
0.001986
0.017186
0.042192
0.043395
0.025767
0.027943
0.021958
-0.018707
-0.031332
-0.002864
0.004285
-0.005867
-0.011162
0.021626
0.080540
0.077084
0.025322
-0.004133
-0.013722
-0.014582
0.015887
0.044916
0.037227
0.032595
0.036530
0.021647
0.013658
0.035317
0.038558
0.026564
0.044493
0.029216
0.009960
0.063403
0.086273
0.047772
0.025247
0.005507
-0.031524
-0.034091
0.003372
0.008340
-0.019058
-0.023843
-0.016116
-0.005131
-0.005415
-0.025270
-0.023656
-0.022082
-0.023073
-0.020729
-0.039388
-0.025255
0.014698
0.014664
0.002521
0.019800
0.034634
0.018275
0.016303
0.037388
0.019946
-0.015357
-0.016163
-0.008163
-0.003292
0.000033
-0.009091
0.002751
0.045537
0.045724
-0.023066
-0.055800
-0.031745
-0.035851
-0.035807
0.021686
0.048450
0.011316
-0.015843
-0.020658
-0.005683
-0.004256
-0.011134
0.010726
0.026273
0.036683
0.034937
-0.005604
-0.029526
-0.027569
-0.050311
-0.049744
0.081994
0.327718
0.593981
0.851681
0.999180
1.000000
0.917302
0.792912
0.674388
0.596255
0.550483
0.498803
0.463525
0.435073
0.423132
0.425770
0.395882
0.357178
0.329126
0.316953
0.315868
0.303528
0.270819
0.230725
0.222932
0.236071
0.232893
0.213544
0.207138
0.229440
0.240724
0.246708
0.238797
0.197866
0.189104
0.197644
0.197741
0.234890
0.280359
0.284572
0.252705
0.227998
0.234177
0.245797
0.237540
0.221572
0.224940
0.241031
0.245315
0.225098
0.196288
0.196884
0.225577
0.215709
0.164249
0.160896
0.222806
0.261105
0.205666
0.136615
0.134876
0.177309
0.229821
0.242437
0.201067
0.201642
0.275781
0.254295
0.167282
0.192972
0.238298
0.243452
0.276165
0.275964
0.224670
0.205942
0.215524
0.204399
0.200420
0.209386
0.181977
0.168342
0.199265
0.219951
0.201199
0.162874
0.162432
0.185101
0.210521
0.258644
0.257270
0.214748
0.202896
0.196195
0.205240
0.200291
0.174384
0.169083
0.176061
0.190829
0.183607
0.157233
0.143778
0.150622
0.173183
0.170047
0.144574
0.137856
0.142703
0.141497
0.100341
0.050061
0.063225
0.108275
0.140656
0.159406
0.139336
0.111401
0.128123
0.158455
0.185035
0.188528
0.155085
0.139203
0.152644
0.150768
0.138462
0.130149
0.109345
0.091268
0.094362
0.098836
0.087957
0.080128
0.063901
0.054614
0.081771
0.090580
0.077878
0.073170
0.073055
0.088264
0.106376
0.095256
0.079356
0.095594
0.103363
0.075414
0.062588
0.069924
0.064927
0.077317
0.081340
0.070780
0.102027
0.121873
0.142126
0.176488
0.149675
0.110637
0.105369
0.109334
0.096801
0.063570
0.029678
0.021601
0.073412
0.123337
0.110548
0.098202
0.112237
0.087502
0.038386
0.026504
0.023234
0.021833
0.044802
0.062957
0.065249
0.060042
0.059263
0.054385
0.053593
0.091352
0.122707
0.110304
0.078254
0.069141
0.109263
0.129370
0.111122
0.128612
0.155863
0.168220
0.201510
0.221234
0.200782
0.175917
0.149361
0.112852
0.114381
0.145840
0.125580
0.085864
0.069840
0.019784
-0.028267
-0.014499
-0.013081
-0.050056
-0.078176
-0.098993
-0.099519
-0.045424
0.006382
-0.013722
-0.049166
-0.037327
-0.005485
-0.010823
-0.050381
-0.054707
-0.036753
-0.058010
-0.066859
-0.040281
-0.024032
-0.036413
-0.075461
-0.076632
-0.041680
-0.037939
-0.038468
-0.004045
0.031168
0.024375
-0.014848
-0.051009
-0.045783
-0.009492
-0.005716
-0.016520
0.028555
0.076506
0.077548
0.052134
-0.001338
-0.043265
-0.064015
-0.063248
-0.041976
-0.025021
0.004159
0.007943
-0.026856
-0.045500
-0.051589
-0.067106
-0.063904
-0.047018
-0.068095
-0.116711
-0.135360
-0.117970
-0.101914
-0.106520
-0.125956
-0.116070
-0.064994
-0.010995
-0.002975
-0.047237
-0.078025
-0.102423
-0.129394
-0.101624
-0.063040
-0.060253
-0.049110
-0.032864
-0.042009
-0.065839
-0.081877
-0.073736
-0.069319
-0.095900
-0.104008
-0.095526
-0.100855
-0.087886
-0.070902
-0.060069
-0.061271
-0.100442
-0.154225
-0.196118
-0.184546
-0.135895
-0.122048
-0.133816
-0.140385
-0.100521
-0.023891
-0.018965
-0.086801
-0.139893
-0.164356
-0.163794
-0.138353
-0.103221
-0.072207
-0.061937
-0.054982
-0.061837
-0.126792
-0.190812
-0.153039
-0.084052
-0.092813
-0.096815
-0.066203
-0.047623
-0.017166
-0.012439
-0.053292
-0.094723
-0.117379
-0.113932
-0.108105
-0.103263
-0.086676
-0.107360
-0.136093
-0.097227
-0.060549
-0.063325
-0.033673
-0.003258
-0.043516
-0.096346
-0.116876
-0.117348
-0.081773
-0.069299
-0.095831
-0.103573
-0.110479
-0.125732
-0.110127
-0.081306
-0.095650
-0.107591
-0.088453
-0.088285
-0.083526
-0.045494
-0.021036
-0.025756
-0.030403
-0.062456
-0.095406
-0.078732
-0.075332
-0.109106
-0.132272
-0.119049
-0.107614
-0.127131
-0.131734
-0.104193
-0.083781
-0.080713
-0.078773
-0.066403
-0.051637
-0.055388
-0.077836
-0.063941
0.064736
0.269080
0.473503
0.645028
0.798849
0.897140
0.855561
0.751426
0.664713
0.580087
0.513132
0.502746
0.498923
0.459151
0.411477
0.362090
0.321978
0.294228
0.258227
0.236456
0.253295
0.249171
0.227067
0.215782
0.189615
0.195535
0.196247
0.138957
0.110209
0.146975
0.179324
0.141992
0.086546
0.067145
0.101972
0.155669
0.130615
0.044353
0.019370
0.065960
0.105001
0.135947
0.142723
0.121393
0.123335
0.122485
0.098336
0.077561
0.054659
0.040357
0.047728
0.073760
0.102372
0.110020
0.075109
0.016030
0.006189
0.046003
0.074321
0.100738
0.144574
0.161809
0.171759
0.174052
0.124820
0.099820
0.099802
0.064089
0.033371
0.038976
0.057538
0.073868
0.087422
0.053320
-0.027948
-0.070968
-0.046184
0.025420
0.092822
0.117058
0.112117
0.100748
0.107446
0.120793
0.093521
0.043061
0.027917
0.052594
0.095117
0.109249
0.076755
0.062448
0.066318
0.017920
-0.022434
-0.011432
0.006961
0.012911
0.001924
0.002023
-0.000173
-0.029943
-0.014872
0.062100
0.097777
0.077881
0.059970
0.048664
0.025311
-0.004254
-0.000754
0.023414
0.019900
0.012295
-0.000831
-0.036433
-0.043492
-0.036444
-0.040902
-0.010390
0.036795
0.034487
-0.014203
-0.047814
-0.037609
-0.039804
-0.057092
-0.013677
0.044483
0.058082
0.056993
0.031728
-0.015090
-0.007901
0.057177
0.068523
0.045498
0.077971
0.121994
0.182037
0.237290
0.242290
0.278361
0.329057
0.314209
0.321840
0.409854
0.480806
0.503802
0.526230
0.549355
0.519742
0.466347
0.434187
0.384253
0.328472
0.292193
0.250140
0.221443
0.226338
0.215614
0.185451
0.150616
0.126050
0.139126
0.137345
0.117898
0.113187
0.097938
0.063581
0.024952
0.010479
0.006560
-0.013695
-0.044330
-0.051116
-0.036932
-0.049415
-0.062889
-0.051055
-0.056763
-0.084452
-0.061091
0.020187
0.051842
0.000045
-0.047154
-0.031174
0.009946
-0.002263
-0.036342
-0.045963
-0.090241
-0.129804
-0.106658
-0.061110
-0.012176
0.001009
-0.027057
-0.055047
-0.095940
-0.123380
-0.110050
-0.092393
-0.097279
-0.115473
-0.110263
-0.093007
-0.091618
-0.055702
0.007056
0.097748
0.258165
0.430861
0.628223
0.812510
0.894419
0.867893
0.802361
0.810178
0.807720
0.680425
0.549051
0.528706
0.525990
0.456145
0.363073
0.326212
0.306124
0.238132
0.177608
0.130471
0.089964
0.090643
0.108633
0.093326
0.053775
0.029984
0.003090
-0.007377
-0.010391
-0.053231
-0.072986
-0.064370
-0.061678
-0.054426
-0.078238
-0.126939
-0.090265
0.084354
0.322113
0.530288
0.681628
0.756284
0.730883
0.648199
0.587995
0.573045
0.555960
0.515659
0.452660
0.350562
0.240443
0.201548
0.200146
0.165421
0.121746
0.095714
0.096663
0.097036
0.074348
0.051322
0.022254
-0.018384
-0.053386
-0.065428
-0.049140
0.009549
0.192623
0.411238
0.524729
0.599060
0.642011
0.639247
0.610858
0.529803
0.395485
0.278421
0.234857
0.233275
0.236626
0.199894
0.118428
0.042325
0.000433
0.008190
0.017123
-0.019357
-0.066482
-0.070168
0.010605
0.153520
0.303498
0.432474
0.508717
0.529016
0.535183
0.519609
0.447071
0.367623
0.341546
0.307394
0.234114
0.174572
0.114716
0.071166
0.059735
0.045326
0.013716
-0.043805
-0.044194
0.022684
0.098674
0.219803
0.379234
0.509685
0.511895
0.436243
0.389891
0.311170
0.207503
0.160795
0.137178
0.092795
0.070024
0.064503
0.047962
0.024461
0.009947
0.021873
0.064836
0.192639
0.387825
0.507423
0.477716
0.415034
0.419250
0.405458
0.329312
0.233033
0.139450
0.069926
0.037823
0.039521
0.033710
-0.004215
-0.026268
0.030555
0.161554
0.297754
0.386461
0.414292
0.388383
0.340366
0.282311
0.204964
0.135475
0.097635
0.089712
0.073777
0.019067
-0.024592
-0.005235
0.076865
0.194481
0.314999
0.408912
0.436322
0.394825
0.338400
0.284540
0.223316
0.162225
0.097095
0.041839
0.028667
0.035462
0.041969
0.100619
0.210919
0.303098
0.346023
0.329838
0.250003
0.172484
0.172940
0.186356
0.151631
0.102684
0.038321
-0.023184
-0.035465
0.027332
0.161966
0.286262
0.334052
0.334960
0.299516
0.209623
0.114197
0.104022
0.119728
0.041120
-0.044088
-0.033927
0.031735
0.096738
0.179573
0.275227
0.302896
0.277982
0.266624
0.251892
0.199563
0.130040
0.076772
0.048143
0.038803
0.046667
0.098446
0.173175
0.218362
0.251683
0.249106
0.202493
0.184946
0.163904
0.119119
0.098368
0.065480
0.031456
0.081733
0.182828
0.281627
0.388569
0.423433
0.336143
0.206515
0.085009
-0.000440
-0.019019
0.024419
0.097415
0.146919
0.193625
0.264430
0.283339
0.228614
0.164253
0.101359
0.050186
0.036038
0.021893
0.044347
0.155802
0.242558
0.246901
0.213981
0.162897
0.130014
0.106498
0.070962
0.025959
-0.011879
-0.003524
0.041206
0.098520
0.179616
0.238884
0.229142
0.193151
0.152677
0.112150
0.085013
0.039312
0.006281
0.068434
0.151633
0.171585
0.194682
0.212626
0.150871
0.070799
0.045557
0.043464
0.045133
0.094001
0.174443
0.231417
0.253362
0.218640
0.140967
0.075535
0.056449
0.041091
0.018635
0.057505
0.118063
0.156973
0.197947
0.200951
0.159609
0.126693
0.102899
0.064982
0.059334
0.103362
0.133027
0.163311
0.196108
0.175420
0.136203
0.124972
0.121534
0.101589
0.058384
0.046117
0.086144
0.134684
0.186561
0.226016
0.198795
0.117913
0.083294
0.081788
0.066271
0.102597
0.211392
0.280594
0.248787
0.196992
0.146180
0.070033
0.020436
0.046991
0.140393
0.207241
0.182014
0.142749
0.139720
0.137611
0.095265
0.042573
0.034169
0.083587
0.174388
0.235604
0.250205
0.235211
0.189594
0.137056
0.110093
0.121262
0.151905
0.174880
0.158238
0.139854
0.133630
0.110404
0.097877
0.112995
0.133190
0.134282
0.156131
0.167889
0.124589
0.060265
-0.019840
-0.037761
0.052438
0.147735
0.200895
0.213364
0.196487
0.149575
0.058864
0.024802
0.078705
0.131624
0.144528
0.123431
0.106122
0.119919
0.112569
0.072546
0.068488
0.083662
0.090659
0.127971
0.165153
0.146549
0.087318
0.028145
0.002654
0.014960
0.080061
0.194388
0.250915
0.172552
0.044692
-0.000113
0.045195
0.108242
0.165439
0.192609
0.182835
0.142551
0.065019
0.021222
0.023195
0.018144
-0.015240
-0.060376
-0.060872
-0.048472
-0.046970
-0.035256
-0.024597
-0.024572
-0.087227
-0.171088
-0.149329
-0.080215
-0.079414
-0.115417
-0.164420
-0.223020
-0.218061
-0.149040
-0.098326
-0.086764
-0.098706
-0.120652
-0.129665
-0.132315
-0.121471
-0.105887
-0.140150
-0.170994
-0.152702
-0.151841
-0.151767
-0.090009
-0.046160
-0.083411
-0.117073
-0.102734
-0.089949
-0.108696
-0.128235
-0.130790
-0.112916
-0.080261
-0.093462
-0.163873
-0.201928
-0.187122
-0.145399
-0.098522
-0.116577
-0.155051
-0.152489
-0.124696
-0.101226
-0.117951
-0.119006
-0.120396
-0.158347
-0.170661
-0.163032
-0.158063
-0.131245
-0.076737
-0.042727
-0.046669
-0.071521
-0.103714
-0.128676
-0.146383
-0.131413
-0.117495
-0.148493
-0.153877
-0.102989
-0.065412
-0.092145
-0.131449
-0.123323
-0.097878
-0.100755
-0.121974
-0.150952
-0.164860
-0.140606
-0.131094
-0.134368
-0.114153
-0.084702
-0.052712
-0.038081
-0.045421
-0.047019
-0.057974
-0.102842
-0.148223
-0.141791
-0.105894
-0.113970
-0.124143
-0.105027
-0.099826
-0.096541
-0.101424
-0.101402
-0.093091
-0.107738
-0.124195
-0.126830
-0.098584
-0.033705
0.029289
0.044672
0.011436
-0.019576
-0.046977
-0.079988
-0.101489
-0.115328
-0.110075
-0.060696
0.000237
0.001341
-0.036320
-0.033350
-0.013070
-0.011743
-0.037158
-0.104267
-0.146568
-0.144135
-0.144423
-0.147764
-0.120526
-0.049233
-0.011583
-0.046145
-0.092943
-0.118187
-0.106631
-0.069450
-0.086230
-0.137529
-0.112204
-0.068816
-0.075778
-0.086115
-0.081996
-0.061843
-0.037979
-0.021630
-0.024797
-0.049020
-0.066552
-0.085310
-0.086442
-0.041655
-0.003073
-0.001419
-0.001423
-0.005590
-0.021229
-0.002552
0.051082
0.077513
0.047232
0.008207
0.011864
0.009710
-0.045419
-0.090797
-0.079385
-0.018860
0.043690
0.041612
0.000189
-0.052761
-0.122587
-0.153207
-0.153804
-0.144971
-0.105319
-0.102488
-0.135657
-0.135163
-0.118861
-0.101498
-0.082281
-0.066313
-0.027360
0.045514
0.097765
0.140493
0.219340
0.254940
0.227396
0.209233
0.188034
0.119128
0.044919
0.010929
0.024193
0.061654
0.048009
0.008750
-0.027022
-0.072424
-0.093521
-0.103522
-0.079976
-0.033014
-0.026442
-0.027838
-0.032917
-0.063309
-0.064971
-0.019837
0.001080
-0.007504
-0.004647
0.042474
0.179374
0.308501
0.328937
0.327391
0.398328
0.423088
0.357654
0.345242
0.351354
0.283336
0.198683
0.136642
0.072869
0.028559
0.010049
-0.007186
-0.034463
-0.071562
-0.103141
-0.110656
-0.116854
-0.126718
-0.107063
-0.069348
-0.031986
-0.009610
-0.005943
0.007809
0.062574
0.173198
0.288643
0.374737
0.473935
0.569308
0.561026
0.483400
0.475271
0.496303
0.454319
0.355724
0.273442
0.233264
0.191694
0.159260
0.130617
0.085177
0.048036
0.037192
0.019843
-0.006086
-0.003372
0.007324
-0.016253
-0.096195
-0.163353
-0.103435
-0.019644
0.045176
0.190176
0.308246
0.390443
0.480442
0.460752
0.392708
0.420662
0.461072
0.477022
0.507792
0.462185
0.370916
0.326056
0.299366
0.230108
0.139986
0.113384
0.122890
0.095409
0.041687
0.011840
0.010511
0.003630
0.003178
0.004930
-0.031582
-0.074800
-0.100749
-0.111880
-0.051170
0.062951
0.185226
0.326009
0.452098
0.536158
0.546243
0.542744
0.613376
0.669500
0.670496
0.627004
0.522589
0.430355
0.363865
0.305340
0.270627
0.254910
0.255649
0.227263
0.163603
0.087936
0.013121
-0.013528
0.008307
0.007048
-0.014565
0.003257
0.009035
-0.043073
-0.082524
-0.023917
0.101624
0.238434
0.386417
0.530541
0.637768
0.630905
0.536781
0.475278
0.472081
0.501737
0.505662
0.445284
0.374978
0.325172
0.268001
0.206928
0.189534
0.196106
0.144834
0.079009
0.058751
0.071510
0.088889
0.051247
-0.019230
-0.052459
-0.024691
0.033444
0.074086
0.106042
0.156410
0.215823
0.258427
0.330033
0.436761
0.504557
0.544225
0.563092
0.544406
0.497486
0.440356
0.404093
0.377318
0.332478
0.283114
0.240775
0.182211
0.111763
0.065145
0.054812
0.060078
0.043379
0.003442
-0.028238
-0.046218
-0.039471
-0.028228
-0.036798
-0.050767
-0.085153
-0.113062
-0.022881
0.196977
0.388510
0.523664
0.602009
0.580001
0.559305
0.532410
0.481278
0.466204
0.449130
0.384307
0.304302
0.281146
0.276510
0.218431
0.146936
0.083529
0.073006
0.127054
0.121209
0.059827
0.017457
0.000515
0.001317
-0.002663
-0.014099
-0.061434
-0.124822
-0.123273
-0.060019
0.034856
0.143044
0.253971
0.383618
0.529787
0.626822
0.600602
0.526445
0.513979
0.473547
0.327410
0.214767
0.211719
0.227730
0.201210
0.172942
0.165797
0.154794
0.146015
0.111853
0.043401
0.002081
0.018595
0.033871
0.016703
-0.008463
-0.050902
-0.068300
-0.021688
0.034058
0.126008
0.253306
0.364572
0.482490
0.528308
0.523441
0.546973
0.548570
0.506118
0.445373
0.421333
0.422362
0.389750
0.332966
0.272328
0.208045
0.160943
0.132494
0.129880
0.145308
0.129097
0.074182
0.032169
0.028287
0.028130
0.022365
0.003572
-0.042707
-0.068189
-0.025636
0.025839
0.045695
0.119021
0.268866
0.392802
0.463516
0.506467
0.472694
0.410556
0.403405
0.392610
0.361411
0.374535
0.380049
0.317646
0.249900
0.189911
0.155297
0.177741
0.177613
0.140591
0.116545
0.097833
0.065208
0.024613
0.005878
0.011919
0.013852
-0.025574
-0.072727
-0.051960
0.014330
0.133736
0.329682
0.490748
0.592828
0.649955
0.615078
0.556347
0.535450
0.503428
0.456045
0.437571
0.432707
0.399007
0.334760
0.286185
0.249445
0.189705
0.129134
0.105447
0.094673
0.066144
0.026912
-0.008588
-0.000549
0.029188
0.038077
0.043795
0.018916
-0.067705
-0.106410
0.003945
0.153233
0.304408
0.476068
0.545336
0.544624
0.560028
0.537675
0.491522
0.478063
0.429936
0.333679
0.292386
0.303277
0.259095
0.177027
0.144486
0.129268
0.120019
0.117929
0.094344
0.078770
0.084502
0.091462
0.070273
0.012508
0.001601
0.023963
-0.008267
-0.049711
-0.028972
0.083355
0.226836
0.374283
0.504223
0.532574
0.514036
0.509420
0.526277
0.534534
0.498415
0.442207
0.380209
0.308131
0.246365
0.233303
0.235386
0.230257
0.209397
0.153174
0.103942
0.071942
0.067277
0.089804
0.065494
0.017571
0.015046
0.035238
0.042440
0.041367
0.033600
0.004563
-0.004934
0.032599
0.077893
0.145755
0.199926
0.177566
0.151300
0.165831
0.184029
0.165047
0.118077
0.072133
0.064335
0.092547
0.074061
0.045102
0.034448
0.008009
0.000555
-0.010273
-0.024147
-0.007642
-0.008313
-0.016405
-0.001115
0.007785
0.007822
-0.002496
-0.027630
-0.060003
-0.087522
-0.072119
-0.010790
0.022834
0.022355
0.007139
-0.037171
-0.035397
0.028891
0.062086
0.059623
0.049553
0.007011
-0.039777
-0.038305
-0.002777
0.018277
-0.008701
-0.035766
-0.005937
0.028558
0.024314
-0.000720
-0.029339
-0.030831
-0.020130
-0.039179
-0.054569
-0.045861
-0.032710
-0.031438
-0.033623
-0.028956
-0.057258
-0.083878
-0.059991
-0.029833
-0.032175
-0.065566
-0.088062
-0.089703
-0.084960
-0.060343
-0.053505
-0.085420
-0.085732
-0.056866
-0.046113
-0.034723
-0.033732
-0.026300
-0.002838
0.010905
0.049036
0.077547
0.062366
0.038771
0.026850
0.003930
-0.063582
-0.095897
-0.054547
-0.022587
-0.020518
-0.016405
0.000552
0.017984
0.006377
-0.022222
-0.015993
-0.008929
-0.036711
-0.042445
-0.025364
-0.015469
0.010086
0.051775
0.049133
-0.010487
-0.051766
-0.015494
0.049632
0.068141
0.053066
0.036832
0.050995
0.094779
0.107909
0.074529
0.039934
0.034103
0.039383
0.026346
0.010061
0.029348
0.050827
0.028608
-0.002634
-0.002438
0.018630
0.035882
0.057416
0.069203
0.068161
0.084162
0.080775
0.040252
-0.003097
0.000307
0.049918
0.046393
-0.005170
-0.005716
0.039254
0.031235
-0.016643
-0.017997
-0.016811
-0.009930
0.024243
0.037818
0.014407
-0.049848
-0.089219
-0.077099
-0.061059
-0.047492
-0.044231
-0.035895
-0.012833
-0.020997
-0.054122
-0.077124
-0.082165
-0.058276
-0.021746
-0.003978
-0.012466
-0.025282
-0.012866
-0.008336
-0.057436
-0.097183
-0.085699
-0.090815
-0.111770
-0.085294
-0.067894
-0.096836
-0.084924
-0.042254
-0.019416
-0.029587
-0.074447
-0.098750
-0.090702
-0.072895
-0.059665
-0.065468
-0.086204
-0.098688
-0.076568
-0.046429
-0.048753
-0.032714
0.007073
-0.010599
-0.026410
-0.006532
-0.020062
-0.041494
-0.055912
-0.064900
-0.047809
-0.027332
-0.038219
-0.080895
-0.113226
-0.102130
-0.059978
-0.063609
-0.113952
-0.109982
-0.078325
-0.072609
-0.058351
-0.039158
-0.011844
0.034427
0.049163
0.006924
-0.039162
-0.044838
-0.029522
-0.021882
-0.015219
-0.007011
-0.005050
0.002086
-0.008402
-0.011054
0.007190
-0.001618
-0.002409
0.005907
-0.016720
-0.043874
-0.032936
0.009963
0.049026
0.029205
-0.045562
-0.066542
-0.018819
0.009544
0.013648
0.019303
0.010132
0.009732
0.021720
0.008357
-0.023311
-0.036536
0.002794
0.058122
0.066416
0.036403
0.019040
0.004835
-0.025848
-0.027942
-0.033845
-0.061389
-0.050302
-0.023973
-0.030138
-0.040161
-0.006454
0.040093
0.054705
0.043176
0.016771
0.015208
0.043151
0.054349
0.035172
0.007293
-0.000180
0.014502
0.023226
0.013616
0.004423
-0.021304
-0.056783
-0.054551
-0.030296
-0.030891
-0.047028
-0.034993
-0.022170
-0.026846
-0.022951
-0.025048
-0.031849
-0.015752
0.009942
-0.000801
-0.038400
-0.058371
-0.076125
-0.067813
-0.007303
0.051142
0.048142
