0.075934
0.057516
0.022617
-0.000239
0.018677
0.006677
-0.020593
-0.009399
-0.005923
-0.011318
0.007064
0.028649
0.048828
0.050167
0.023714
0.001324
-0.011295
-0.014885
-0.010195
-0.052455
-0.092438
-0.041544
0.000242
-0.013223
-0.022338
-0.033669
-0.043423
-0.035796
0.003845
0.057263
0.051464
0.022505
0.040417
0.058325
0.044198
0.006722
-0.025438
-0.018461
0.000424
0.001021
0.009178
0.030256
0.034513
0.023933
0.009605
0.019345
0.056762
0.063817
0.041055
0.015545
-0.007710
-0.044250
-0.081130
-0.071865
-0.048136
-0.017884
-0.002708
-0.029434
-0.031093
-0.030212
-0.063587
-0.068909
-0.041774
-0.016800
0.009497
0.043628
0.046977
-0.006057
-0.030998
0.009172
0.013802
-0.041519
-0.071251
-0.040781
0.002685
0.026320
0.029423
0.008021
0.003014
0.050097
0.096777
0.084458
0.068613
0.076356
0.050853
0.017870
0.012878
0.017596
0.006066
-0.016745
-0.015984
0.009722
0.028505
0.012908
0.014431
0.072012
0.093647
0.058181
0.071257
0.097713
0.056854
0.020557
-0.002393
-0.018201
0.027257
0.044832
-0.012330
-0.031089
0.018395
0.040788
-0.004448
-0.022858
0.020599
0.047052
0.047211
0.040718
0.021001
-0.000220
-0.010067
0.014616
0.052650
0.038074
-0.004661
0.002841
0.050951
0.069299
0.022066
-0.025907
-0.027518
-0.019538
-0.005920
0.021323
0.153390
0.408850
0.710680
0.949811
1.000000
0.972885
0.923914
0.795721
0.669180
0.619375
0.601244
0.549150
0.470272
0.376838
0.318278
0.330556
0.347927
0.312116
0.254115
0.249889
0.272571
0.267208
0.254992
0.256239
0.263060
0.241643
0.233836
0.256567
0.262651
0.278621
0.307247
0.305644
0.297725
0.323399
0.344659
0.337729
0.300778
0.256146
0.252296
0.273512
0.254720
0.205777
0.210536
0.239443
0.262042
0.266680
0.233947
0.260884
0.296622
0.245237
0.188643
0.167812
0.145822
0.107091
0.094178
0.145255
0.226260
0.245604
0.208604
0.220070
0.262013
0.293205
0.312856
0.287225
0.238126
0.202172
0.219792
0.268544
0.260742
0.221476
0.190627
0.189826
0.207025
0.173456
0.145729
0.150995
0.119029
0.092247
0.124015
0.181720
0.211939
0.179980
0.138928
0.148855
0.163598
0.166754
0.192310
0.193067
0.168761
0.192675
0.228843
0.227428
0.209830
0.215804
0.246229
0.245462
0.206905
0.177227
0.172524
0.193579
0.201207
0.136804
0.089316
0.114633
0.132800
0.113003
0.091664
0.106292
0.109917
0.106934
0.146605
0.168749
0.147026
0.118468
0.110436
0.136942
0.159520
0.178695
0.219874
0.222485
0.193925
0.178420
0.151186
0.128255
0.118114
0.120865
0.150237
0.188055
0.203832
0.141530
0.085145
0.110459
0.110825
0.140472
0.211671
0.188853
0.139887
0.148144
0.169889
0.180727
0.155802
0.101654
0.084650
0.084294
0.070162
0.095452
0.129466
0.112450
0.104326
0.118616
0.107469
0.111823
0.132396
0.121016
0.107455
0.118537
0.154387
0.165329
0.131386
0.139488
0.160968
0.116759
0.064110
0.044492
0.044585
0.073009
0.087693
0.061297
0.054160
0.096409
0.100821
0.037710
0.014879
0.032201
0.021628
0.011923
0.028076
0.061323
0.088176
0.105025
0.128541
0.134655
0.129306
0.114773
0.102886
0.112188
0.121296
0.144972
0.151757
0.139136
0.144690
0.106199
0.047890
0.067136
0.106967
0.088457
0.073451
0.079929
0.044298
-0.017450
-0.038768
0.002493
0.024332
-0.018625
-0.050172
-0.044527
-0.026850
-0.009969
-0.007223
-0.026001
-0.054134
-0.046070
-0.026909
-0.051235
-0.067605
-0.057859
-0.064970
-0.078639
-0.081757
-0.080770
-0.078752
-0.086193
-0.108889
-0.144556
-0.172021
-0.160033
-0.099265
-0.046004
-0.060330
-0.083712
-0.091612
-0.109394
-0.095150
-0.063866
-0.078760
-0.092047
-0.056857
-0.042689
-0.033318
-0.017197
-0.033114
-0.015326
0.023548
0.042532
0.057033
0.031596
-0.001409
0.008173
-0.008847
-0.072366
-0.102199
-0.076431
-0.050467
-0.029841
-0.020658
-0.070753
-0.090659
-0.050329
-0.031687
-0.031680
-0.062013
-0.089824
-0.049166
0.000404
-0.018422
-0.056969
-0.078825
-0.094168
-0.089614
-0.073915
-0.041911
0.019128
0.054881
0.019551
-0.006614
0.003164
-0.018111
-0.027726
-0.009204
-0.015094
-0.013729
-0.009102
-0.051943
-0.100336
-0.110491
-0.097913
-0.085070
-0.074903
-0.055580
-0.030468
-0.037154
-0.090323
-0.109402
-0.071876
-0.045653
-0.046153
-0.056282
-0.080177
-0.105406
-0.102491
-0.094684
-0.114232
-0.128093
-0.089558
-0.038322
-0.031507
-0.045651
-0.067527
-0.107658
-0.123207
-0.079824
-0.020779
-0.015876
-0.056443
-0.069539
-0.069558
-0.110491
-0.144588
-0.113454
-0.061727
-0.042614
-0.055798
-0.086264
-0.080511
-0.036152
-0.022752
-0.064295
-0.105777
-0.107327
-0.108234
-0.091016
-0.023027
0.019715
0.004437
-0.024761
-0.081424
-0.123723
-0.102231
-0.111375
-0.145292
-0.109439
-0.050733
-0.048194
-0.065602
-0.064741
-0.087823
-0.118348
-0.123214
-0.104595
-0.033846
0.028469
-0.013645
-0.100067
-0.108330
-0.045677
-0.016718
-0.041739
-0.065281
-0.072937
-0.073073
-0.050751
-0.026841
-0.052214
-0.096814
-0.082985
-0.051377
-0.060585
-0.055541
-0.056681
-0.085337
-0.066985
-0.028150
-0.034980
-0.062800
-0.061688
-0.050090
-0.055176
-0.006152
0.088957
0.165433
0.268601
0.422702
0.563415
0.588491
0.553063
0.581724
0.617606
0.599706
0.530524
0.449954
0.424181
0.417747
0.360923
0.264960
0.237194
0.290068
0.326343
0.342592
0.334518
0.255644
0.149165
0.136834
0.214223
0.243962
0.212947
0.189595
0.181250
0.179034
0.168581
0.157565
0.153178
0.157765
0.184825
0.210031
0.207688
0.189002
0.161338
0.124374
0.115535
0.145791
0.166335
0.160520
0.130144
0.089790
0.091340
0.128015
0.129963
0.095292
0.078884
0.088993
0.133180
0.194174
0.196029
0.129984
0.059125
0.057869
0.094618
0.106715
0.155121
0.205838
0.178956
0.144306
0.140645
0.157594
0.186900
0.196392
0.182851
0.170599
0.159769
0.118513
0.069055
0.066061
0.097847
0.116236
0.119096
0.096030
0.049050
0.051605
0.097595
0.127959
0.104381
0.043739
0.037728
0.061989
0.060445
0.067976
0.102242
0.128498
0.089569
0.060606
0.099108
0.101327
0.074859
0.060437
0.044369
0.022379
0.022677
0.055411
0.032642
-0.013039
0.017306
0.075756
0.111064
0.091811
0.039900
0.028563
0.011134
-0.036098
-0.043891
-0.000950
0.023152
0.027363
0.046609
0.031810
-0.008352
-0.011279
-0.003004
-0.011267
-0.003176
0.029889
0.042128
0.025141
0.022157
0.020999
0.001914
-0.004476
0.016303
0.046074
0.031974
-0.020903
-0.041092
0.009086
0.057245
0.027903
0.041548
0.121968
0.196175
0.239793
0.199277
0.171848
0.207055
0.232407
0.280498
0.381512
0.471127
0.488188
0.473644
0.495512
0.537089
0.515228
0.446595
0.407330
0.387024
0.353445
0.303646
0.255359
0.222574
0.209190
0.216100
0.265135
0.277399
0.215213
0.193283
0.204645
0.221395
0.226056
0.184745
0.141627
0.128699
0.147039
0.134651
0.067144
0.034135
0.051260
0.060816
0.059699
0.067099
0.085353
0.070938
0.018945
-0.005061
-0.010582
-0.029747
-0.042375
-0.030690
-0.046924
-0.094632
-0.108317
-0.125122
-0.157363
-0.155620
-0.137463
-0.143181
-0.165538
-0.174948
-0.158078
-0.124981
-0.110106
-0.129326
-0.179701
-0.232941
-0.225977
-0.184047
-0.174641
-0.169039
-0.150186
-0.146761
-0.093601
0.028379
0.137065
0.259391
0.417275
0.541856
0.644685
0.713253
0.688658
0.655270
0.602862
0.496463
0.453529
0.430657
0.380736
0.374150
0.371493
0.321482
0.243223
0.155817
0.096467
0.099259
0.099966
0.043400
0.009345
0.032017
0.018651
-0.027620
-0.042129
-0.045069
-0.035519
-0.011443
-0.017722
-0.037073
-0.035972
-0.079175
-0.150249
-0.142292
-0.084136
-0.002591
0.146827
0.296513
0.423173
0.542214
0.615207
0.665628
0.618863
0.491144
0.444208
0.448708
0.385148
0.261289
0.185129
0.171197
0.183069
0.209211
0.199627
0.160673
0.120634
0.056654
-0.004489
-0.030308
-0.076535
-0.136863
-0.107788
-0.050475
-0.046313
-0.052024
-0.005019
0.155424
0.342247
0.461112
0.512272
0.496654
0.458732
0.418625
0.356985
0.329216
0.342288
0.282270
0.181700
0.143264
0.141277
0.138314
0.093955
0.005193
-0.031608
-0.024015
-0.056028
-0.052500
0.032359
0.124087
0.220264
0.331714
0.410757
0.438305
0.449412
0.442500
0.385136
0.345909
0.342168
0.259092
0.156448
0.165903
0.207501
0.209946
0.184482
0.091262
-0.022623
-0.059154
-0.035463
0.039202
0.154316
0.264049
0.360127
0.440312
0.467448
0.417601
0.352749
0.332691
0.318544
0.242603
0.179731
0.194367
0.166420
0.058575
-0.000588
0.000819
-0.010059
0.010315
0.099947
0.229640
0.324506
0.328709
0.340306
0.398210
0.431844
0.432407
0.394747
0.329497
0.258233
0.193486
0.163961
0.131838
0.053958
-0.014132
-0.041261
-0.018827
0.093389
0.253089
0.324068
0.320875
0.380920
0.427541
0.378069
0.324753
0.284229
0.233615
0.199110
0.194694
0.186716
0.140091
0.105261
0.136385
0.221047
0.324303
0.373026
0.381741
0.402980
0.378274
0.322221
0.268312
0.217478
0.195143
0.192317
0.181364
0.104982
0.008415
0.008118
0.099155
0.201086
0.265718
0.296500
0.285570
0.212254
0.149084
0.164623
0.166123
0.088740
0.016600
0.002419
-0.004926
-0.008359
0.038515
0.124611
0.212074
0.275390
0.321875
0.316523
0.242227
0.198236
0.199574
0.164792
0.124058
0.106912
0.083978
0.127804
0.205325
0.224293
0.261603
0.299764
0.254189
0.171908
0.146526
0.148836
0.096866
0.056687
0.071929
0.105243
0.172405
0.238879
0.262185
0.303556
0.341577
0.300038
0.242486
0.208116
0.144458
0.077872
0.070463
0.095672
0.093757
0.105256
0.185476
0.289515
0.339103
0.293317
0.208015
0.170065
0.171631
0.143944
0.073556
0.027445
0.066909
0.150885
0.219406
0.293493
0.318783
0.228913
0.113627
0.060726
0.052100
0.027514
0.013243
0.060988
0.122183
0.169247
0.188384
0.161365
0.144573
0.162585
0.175199
0.134645
0.067659
0.083706
0.129984
0.106664
0.068342
0.062428
0.082777
0.096042
0.108137
0.123114
0.094161
0.049824
0.035108
0.062893
0.125319
0.178832
0.207540
0.195372
0.157658
0.157230
0.146556
0.076843
0.017153
0.016335
0.116601
0.238740
0.273731
0.286353
0.265974
0.196023
0.147080
0.120881
0.091223
0.079446
0.130264
0.227203
0.293706
0.270370
0.210844
0.184176
0.169919
0.142000
0.093648
0.094684
0.177324
0.225781
0.215474
0.204950
0.193793
0.206560
0.208937
0.161072
0.151834
0.186760
0.189168
0.176074
0.188061
0.213560
0.219160
0.187108
0.129698
0.085220
0.086161
0.100651
0.094415
0.107800
0.166361
0.196376
0.148078
0.076657
0.065744
0.111797
0.129870
0.162409
0.223416
0.220739
0.187643
0.155118
0.095325
0.051284
0.049805
0.036448
0.048169
0.115470
0.160766
0.166148
0.127219
0.073981
0.093672
0.164986
0.192793
0.171750
0.145965
0.136902
0.128769
0.096907
0.074112
0.086411
0.115887
0.136913
0.136467
0.136456
0.166882
0.186653
0.155795
0.108114
0.095203
0.139222
0.181960
0.198693
0.218339
0.220602
0.185305
0.146659
0.137824
0.143755
0.135792
0.134947
0.142556
0.091539
0.020559
0.007480
0.052084
0.121734
0.151653
0.152939
0.155915
0.109355
0.069152
0.088850
0.093228
0.080028
0.088265
0.149783
0.200595
0.162718
0.106716
0.067434
0.052161
0.056228
0.063493
0.090921
0.113595
0.112603
0.100404
0.067113
0.021489
0.015039
0.028465
0.012850
-0.013268
-0.038313
-0.066425
-0.093234
-0.113665
-0.125469
-0.126772
-0.099263
-0.100428
-0.155758
-0.188307
-0.203023
-0.199492
-0.167562
-0.144638
-0.115044
-0.087519
-0.098955
-0.131301
-0.146909
-0.144076
-0.144350
-0.148653
-0.145689
-0.133407
-0.121698
-0.097780
-0.071527
-0.060355
-0.052359
-0.059414
-0.047948
-0.035036
-0.067330
-0.095326
-0.108095
-0.121095
-0.132616
-0.136475
-0.110606
-0.081430
-0.081483
-0.082949
-0.078227
-0.086088
-0.099547
-0.135776
-0.162332
-0.120482
-0.061878
-0.050805
-0.075861
-0.099173
-0.119434
-0.132202
-0.134844
-0.135762
-0.123277
-0.116225
-0.114646
-0.098656
-0.121640
-0.162870
-0.133977
-0.096512
-0.104990
-0.097837
-0.084663
-0.112116
-0.145383
-0.145029
-0.109162
-0.070452
-0.073243
-0.092658
-0.103314
-0.123844
-0.115417
-0.054481
-0.018230
-0.023812
-0.044150
-0.084838
-0.114414
-0.115892
-0.102657
-0.094687
-0.090581
-0.042427
0.024049
0.014337
-0.036543
-0.075965
-0.091534
-0.050200
-0.018349
-0.014769
-0.010882
-0.015470
-0.015223
-0.030928
-0.055628
-0.055336
-0.059764
-0.084552
-0.054954
-0.006884
-0.027361
-0.042084
-0.048963
-0.092843
-0.100662
-0.056761
-0.031497
-0.054275
-0.050652
0.015558
0.032083
-0.033746
-0.059483
-0.019887
-0.011198
-0.039385
-0.055141
-0.053199
-0.032236
-0.020171
-0.047827
-0.099150
-0.120142
-0.092064
-0.074786
-0.064577
-0.052126
-0.083354
-0.117921
-0.092158
-0.056881
-0.061434
-0.048749
-0.025403
-0.035028
-0.018546
0.016079
0.005492
-0.024785
-0.052338
-0.070633
-0.053899
-0.020445
0.000374
0.001038
-0.013413
-0.012761
0.000153
0.018407
0.048305
0.062667
0.081302
0.074047
0.007168
-0.003204
0.033428
0.024770
0.003757
-0.019539
-0.040337
-0.000524
0.041710
-0.006891
-0.054512
-0.023462
-0.008502
-0.030933
-0.019155
0.001686
-0.013640
-0.045909
-0.065835
-0.086480
-0.111896
-0.097611
-0.073733
-0.073402
-0.049786
-0.013161
-0.001550
0.008897
0.043038
0.077314
0.086436
0.067994
0.029980
-0.000777
0.001100
0.015124
0.012570
0.002807
-0.004427
-0.006309
-0.001845
0.005454
-0.004691
-0.040151
-0.038333
0.004969
0.004533
-0.070049
-0.140774
-0.127181
-0.062794
-0.046842
-0.068731
-0.061153
-0.059949
-0.046321
0.024966
0.113815
0.163555
0.198128
0.219024
0.187228
0.190243
0.254599
0.295578
0.293911
0.289590
0.249324
0.150479
0.076608
0.068791
0.098550
0.118893
0.087602
0.007006
-0.056846
-0.063596
-0.063174
-0.079764
-0.056054
0.006533
0.045657
0.050320
0.045920
0.058308
0.056169
0.034553
0.042222
0.085968
0.192547
0.293714
0.326129
0.342900
0.356069
0.379983
0.375897
0.343537
0.323057
0.270766
0.224473
0.192660
0.141777
0.143627
0.147074
0.077471
0.024640
0.007503
-0.011126
0.004595
0.034439
0.001980
-0.075216
-0.088885
-0.029969
0.004647
0.018519
0.086886
0.203276
0.253091
0.231147
0.271597
0.368616
0.422546
0.435449
0.475565
0.484609
0.417330
0.367249
0.312618
0.231578
0.195832
0.179759
0.155386
0.157460
0.168201
0.139282
0.097922
0.062801
0.011748
-0.024164
-0.022763
-0.016199
-0.047738
-0.089413
-0.061733
0.034016
0.117610
0.174555
0.249494
0.340210
0.402070
0.420371
0.456768
0.516981
0.514737
0.477780
0.483204
0.472750
0.408463
0.331163
0.257988
0.213223
0.167324
0.116257
0.118340
0.119804
0.090943
0.056087
0.006089
-0.012457
0.014984
0.015979
-0.053831
-0.125466
-0.127323
-0.063024
0.036809
0.119396
0.197694
0.323133
0.446835
0.459800
0.432015
0.487716
0.539485
0.501144
0.436919
0.414206
0.395356
0.337936
0.273905
0.221173
0.156755
0.111853
0.108311
0.094083
0.053388
0.021127
0.000739
-0.036950
-0.051229
-0.044883
-0.062527
-0.081299
-0.099422
-0.074023
0.012677
0.066877
0.072656
0.115329
0.217898
0.303189
0.369504
0.452602
0.508391
0.529750
0.498021
0.426902
0.377120
0.324639
0.254097
0.186647
0.152311
0.120827
0.044170
0.014983
0.074575
0.120335
0.102588
0.067098
0.028321
-0.042597
-0.093417
-0.110029
-0.114318
-0.067910
-0.011007
0.002131
0.061712
0.232814
0.378572
0.440191
0.464770
0.432585
0.389189
0.407227
0.451087
0.417517
0.355112
0.350161
0.302449
0.222387
0.204948
0.185169
0.140891
0.128383
0.133150
0.108365
0.061276
0.046663
0.051294
0.021938
-0.011665
-0.027426
-0.055594
-0.089187
-0.093949
-0.050837
0.054418
0.171280
0.243878
0.323511
0.396825
0.404191
0.395110
0.412449
0.443781
0.472089
0.447111
0.386848
0.356365
0.314224
0.254014
0.239914
0.236884
0.181949
0.141044
0.139266
0.122742
0.097764
0.059107
0.022472
0.008390
-0.008972
-0.032993
-0.063879
-0.067144
-0.022790
0.021858
0.084476
0.169640
0.239578
0.306336
0.394632
0.455732
0.448883
0.455174
0.439375
0.351568
0.329757
0.368753
0.357619
0.337344
0.301824
0.223233
0.167733
0.122162
0.077685
0.071319
0.064912
0.042357
0.064465
0.093392
0.066069
0.055313
0.044733
-0.027156
-0.098190
-0.106963
-0.049050
0.052095
0.157833
0.249020
0.359948
0.464705
0.491453
0.482479
0.466192
0.423780
0.423903
0.442247
0.386811
0.320181
0.312753
0.306618
0.248769
0.175141
0.121454
0.069726
0.009011
-0.003075
0.047491
0.067987
0.022532
-0.025611
-0.035509
-0.028506
-0.018826
0.003794
0.042749
0.074678
0.153752
0.318452
0.450003
0.516511
0.542297
0.520628
0.469944
0.436607
0.439952
0.444411
0.434256
0.369148
0.287390
0.240914
0.197952
0.191585
0.210441
0.173558
0.107374
0.063398
0.055126
0.066443
0.035975
-0.010309
-0.040279
-0.064981
-0.056739
-0.044928
-0.071121
-0.071087
0.015067
0.125882
0.222266
0.341528
0.429709
0.442358
0.470027
0.519531
0.501884
0.445769
0.405773
0.342861
0.271394
0.243759
0.247715
0.247428
0.206073
0.133666
0.063950
0.033027
0.062466
0.092524
0.091888
0.074630
0.037841
0.007471
-0.009379
-0.037796
-0.038548
0.006397
0.101726
0.251114
0.370828
0.469698
0.539532
0.534223
0.535931
0.568319
0.560114
0.508120
0.447151
0.371774
0.318066
0.298119
0.292381
0.315270
0.298577
0.224199
0.166307
0.103382
0.047119
0.063613
0.115424
0.131435
0.092327
0.035115
-0.004644
-0.030248
-0.040171
-0.044196
-0.056648
-0.038535
0.030746
0.099647
0.144715
0.170633
0.167159
0.160764
0.177618
0.179681
0.143722
0.153410
0.221486
0.240138
0.190661
0.124996
0.082655
0.057590
0.044017
0.048470
0.017333
-0.019071
0.016134
0.039776
0.005414
0.025250
0.077038
0.054748
0.032651
0.069088
0.070728
0.019491
0.001915
0.012792
0.026416
0.034944
0.011254
-0.029774
-0.029272
0.028979
0.070817
0.063355
0.018820
-0.032009
-0.043255
-0.015806
0.028567
0.076997
0.075400
0.017599
-0.029696
-0.059627
-0.058945
-0.015657
0.031380
0.062193
0.056934
0.004840
-0.031537
0.010829
0.094439
0.111708
0.037103
-0.014461
-0.011594
0.001919
0.005840
-0.020348
-0.023190
0.020041
0.079726
0.123580
0.106965
0.027786
-0.067270
-0.101583
-0.073813
-0.053778
-0.052416
-0.032061
-0.012173
-0.019276
0.003864
0.061183
0.082701
0.073028
0.073318
0.046688
-0.004050
0.016686
0.049995
0.009055
0.001865
0.027986
0.018515
0.030782
0.048030
0.023059
0.043710
0.124420
0.114104
0.041335
0.031249
0.050405
0.077205
0.095521
0.058047
-0.001539
-0.015842
-0.008588
-0.007261
0.000261
-0.030753
-0.064540
-0.020633
0.022106
0.013132
0.023973
0.049517
0.031405
0.016881
0.045576
0.053790
0.042813
0.039345
0.034434
0.040166
0.054795
0.054820
0.050270
0.055666
0.046385
0.026212
0.016367
-0.001713
-0.033446
-0.047027
-0.021947
0.018513
0.022244
-0.012619
-0.059681
-0.081991
-0.057550
-0.040501
-0.063285
-0.068708
-0.046201
-0.033526
-0.015178
-0.037651
-0.101208
-0.117231
-0.091072
-0.049792
-0.042252
-0.073091
-0.059320
-0.030695
-0.051018
-0.086493
-0.104211
-0.102638
-0.042994
0.016267
-0.012652
-0.039793
-0.047907
-0.077582
-0.075434
-0.040377
-0.032697
-0.052630
-0.047153
-0.019536
-0.019387
-0.055575
-0.072223
-0.089415
-0.141657
-0.115256
-0.036159
-0.026161
-0.012328
-0.001860
-0.026872
-0.014432
-0.026900
-0.065639
-0.065832
-0.050142
-0.038393
-0.046557
-0.055026
-0.024675
0.030567
0.043821
0.030803
0.016705
-0.002790
0.016303
0.002678
-0.054145
-0.055632
-0.045017
-0.046933
-0.023727
-0.024554
-0.060505
-0.034983
0.036207
0.028410
-0.029427
-0.046951
-0.040034
-0.039635
-0.043026
-0.048078
-0.054561
-0.050719
-0.033918
0.002755
0.023685
-0.013469
-0.039217
-0.016173
-0.007222
-0.018812
0.000725
0.040398
0.029947
-0.015886
-0.016822
0.012915
0.019451
0.004136
-0.029368
-0.074904
-0.089556
-0.051906
0.013155
0.051493
0.027006
0.004133
0.013344
-0.003246
-0.024473
-0.027729
-0.034844
-0.019581
-0.001542
-0.010203
-0.026930
-0.052179
-0.074766
-0.087613
-0.074101
-0.030422
-0.006449
-0.006159
-0.006956
-0.000683
0.009731
0.009803
-0.007886
-0.040848
-0.054595
-0.021861
0.029751
0.052116
0.042590
0.025038
0.030119
0.031010
0.006495
0.021697
0.048341
0.031684
-0.002259
-0.020719
-0.008920
-0.010943
-0.038793
-0.055512
-0.042384
0.016833
0.056726
0.042781
0.033932
0.008919
-0.012124
0.027702
0.040720
0.009690
0.028416
0.055834
0.034447
0.023021
0.057451
0.090305
0.075615
0.047502
0.033141
0.038803
0.025690
