0.083609
0.064777
0.065129
0.010651
-0.030777
-0.035959
-0.008785
0.047308
0.071812
0.042039
0.014272
-0.017819
-0.028880
-0.005760
0.002235
0.013858
0.017388
-0.014546
-0.018883
0.017140
0.042217
0.005425
-0.044450
-0.032355
0.022087
0.083247
0.078368
0.021307
0.002966
-0.006202
-0.055731
-0.094446
-0.087379
-0.077204
-0.043578
0.033839
0.069667
0.033004
-0.020349
-0.052660
-0.036354
0.019501
0.052268
0.042071
0.034453
0.052554
0.055982
0.006791
-0.052642
-0.041574
0.004097
0.016228
0.026391
0.046905
0.036160
-0.001042
0.004863
0.045029
0.025906
-0.024049
-0.030811
-0.032915
-0.026530
0.018493
0.046110
0.062866
0.069383
0.028040
-0.012366
-0.015825
0.014313
0.031375
-0.014481
-0.057232
-0.021107
0.021594
0.021834
0.028113
0.036856
0.038096
0.031646
0.027826
0.035387
0.020113
-0.033328
-0.067838
-0.052119
-0.031106
-0.013377
-0.010661
-0.029152
-0.035522
-0.034399
-0.005668
0.043245
0.035715
0.019617
0.058268
0.050931
-0.025738
-0.050156
-0.017552
-0.006610
-0.002755
0.003927
0.008155
0.019302
0.016803
0.019898
0.033437
0.031903
0.045017
0.077825
0.084346
0.062931
0.041027
0.028490
0.015087
-0.002264
0.012748
0.052180
0.078181
0.080096
0.050450
0.045637
0.079786
0.085730
0.053891
0.029138
0.051391
0.125653
0.216359
0.293745
0.480307
0.768318
0.952774
1.000000
0.956531
0.860137
0.741362
0.660196
0.628330
0.583224
0.538077
0.500564
0.454614
0.431703
0.437692
0.453693
0.478666
0.482082
0.461348
0.422012
0.373483
0.359145
0.353273
0.327883
0.294078
0.267952
0.288000
0.328797
0.323565
0.304083
0.306932
0.295482
0.280848
0.281251
0.299653
0.327427
0.314697
0.261604
0.250539
0.285024
0.275912
0.277215
0.320531
0.321705
0.316446
0.350428
0.389180
0.388043
0.352696
0.346170
0.364857
0.368449
0.356838
0.329947
0.300917
0.310086
0.325080
0.287823
0.241010
0.245777
0.287150
0.301504
0.277590
0.292031
0.354467
0.351036
0.298370
0.304531
0.318123
0.300864
0.281167
0.281596
0.333518
0.371017
0.331633
0.266955
0.251637
0.262781
0.251151
0.239163
0.247820
0.265184
0.276926
0.295510
0.276051
0.226173
0.249975
0.327762
0.370536
0.350002
0.298331
0.238795
0.207442
0.247558
0.278659
0.239653
0.209813
0.218440
0.214909
0.190781
0.156085
0.122823
0.133262
0.192571
0.206295
0.155279
0.137109
0.157387
0.168924
0.163954
0.155193
0.157608
0.198163
0.287253
0.344952
0.286524
0.198140
0.196472
0.218885
0.179504
0.131352
0.182480
0.265983
0.277068
0.255601
0.247340
0.273768
0.281638
0.268074
0.254180
0.205032
0.188781
0.191266
0.165426
0.159225
0.147574
0.094099
0.058503
0.087113
0.128905
0.157502
0.166508
0.135875
0.125159
0.144006
0.133026
0.110177
0.108634
0.162280
0.232829
0.224614
0.189742
0.205064
0.227083
0.192513
0.145070
0.168012
0.235953
0.253879
0.203526
0.178045
0.197806
0.194074
0.156752
0.134657
0.126684
0.105237
0.103222
0.102787
0.106362
0.129925
0.121176
0.094717
0.088485
0.104109
0.135530
0.152799
0.133792
0.121024
0.127789
0.150187
0.176576
0.146755
0.091101
0.073008
0.095620
0.125124
0.148727
0.177765
0.170175
0.144224
0.127704
0.086648
0.072471
0.110169
0.142159
0.150893
0.132088
0.095020
0.084948
0.127112
0.153699
0.114829
0.066353
0.011923
-0.037943
-0.012106
0.039309
0.022325
-0.014358
-0.031470
-0.043691
-0.033072
-0.023729
0.000160
0.032489
0.007741
-0.031057
-0.054260
-0.073550
-0.072655
-0.053984
-0.041157
-0.040818
-0.015475
0.018071
0.043996
0.036918
0.009081
0.035011
0.041644
-0.007052
-0.032665
-0.027079
-0.040950
-0.044942
0.012348
0.042678
0.015896
0.008623
0.023769
0.030011
0.043304
0.097847
0.119657
0.049466
-0.015623
-0.029378
-0.027923
-0.040978
-0.090336
-0.137566
-0.101260
-0.007196
0.016175
-0.033637
-0.058524
-0.062382
-0.088946
-0.095191
-0.045595
0.013671
0.026699
0.000983
-0.007398
-0.002147
-0.045676
-0.110320
-0.097924
-0.043542
-0.039937
-0.064394
-0.087073
-0.118154
-0.157716
-0.161488
-0.112224
-0.074335
-0.076741
-0.093317
-0.087299
-0.074853
-0.073787
-0.029540
0.015106
-0.012568
-0.029517
-0.021019
-0.060920
-0.088009
-0.084230
-0.127236
-0.154257
-0.120339
-0.080152
-0.048907
-0.046554
-0.053817
-0.059239
-0.073047
-0.068340
-0.037419
-0.001607
-0.022928
-0.090876
-0.106330
-0.079704
-0.061800
-0.045068
-0.051333
-0.048167
-0.033574
-0.064044
-0.092195
-0.093936
-0.093746
-0.093604
-0.083833
-0.060524
-0.037495
-0.058182
-0.128522
-0.124919
-0.034021
-0.006921
-0.054524
-0.083897
-0.076990
-0.070647
-0.068406
-0.051950
-0.042557
-0.065694
-0.102506
-0.113378
-0.127323
-0.138998
-0.069069
-0.007505
-0.050393
-0.077939
-0.040869
-0.027328
-0.058542
-0.082390
-0.068742
-0.056903
-0.092113
-0.128246
-0.122184
-0.089269
-0.041389
-0.035062
-0.076864
-0.092754
-0.087854
-0.087494
-0.057495
-0.021653
-0.015037
0.004576
0.011727
-0.010073
-0.009517
-0.025492
-0.069209
-0.072801
-0.054731
-0.072702
-0.092883
-0.105839
-0.119138
-0.076749
-0.012605
-0.021809
-0.059186
0.000889
0.139342
0.249512
0.395993
0.604414
0.654943
0.594171
0.629285
0.679654
0.622595
0.509293
0.467416
0.484977
0.484698
0.450513
0.395818
0.357002
0.320556
0.299133
0.296827
0.290931
0.316478
0.294033
0.217581
0.215839
0.245559
0.235389
0.202693
0.181592
0.197431
0.251699
0.303136
0.331006
0.347006
0.323814
0.252130
0.182604
0.173445
0.162714
0.120798
0.124148
0.152227
0.144261
0.129220
0.136927
0.133811
0.124286
0.151285
0.203971
0.225346
0.217686
0.187986
0.142284
0.136529
0.156353
0.145881
0.099718
0.092057
0.143594
0.169149
0.137885
0.139740
0.190588
0.174838
0.104946
0.071332
0.074891
0.079122
0.095886
0.140603
0.143291
0.110304
0.136619
0.150981
0.088755
0.041424
0.033195
0.028244
0.037533
0.089150
0.141975
0.156226
0.146059
0.130462
0.119701
0.079141
0.048062
0.062405
0.066586
0.049033
0.017292
0.009507
0.042811
0.036513
-0.005209
-0.007498
0.008992
0.018199
0.036912
0.012066
-0.041632
-0.029928
-0.007454
-0.012632
0.032332
0.059441
0.008975
-0.015218
0.005171
0.012522
-0.001851
0.011131
0.039835
0.055743
0.056833
0.020254
-0.003136
0.012777
0.010635
-0.032467
-0.078635
-0.096054
-0.089479
-0.065876
-0.029727
-0.002706
0.032232
0.080476
0.099820
0.107417
0.082477
0.030493
0.023449
0.053215
0.064579
0.038858
0.064355
0.124119
0.147186
0.148876
0.157707
0.229652
0.311821
0.341946
0.332201
0.314681
0.327016
0.341431
0.362781
0.432725
0.482489
0.426277
0.339830
0.327473
0.359260
0.385041
0.424001
0.446752
0.392025
0.310953
0.268074
0.228012
0.175425
0.123978
0.112645
0.158777
0.173544
0.164353
0.186481
0.195779
0.172091
0.158299
0.156158
0.119247
0.048261
0.008509
0.059648
0.106026
0.086667
0.091220
0.103933
0.079428
0.047004
0.034136
0.017503
-0.007125
-0.013520
-0.020208
-0.001482
0.026596
-0.007409
-0.042760
-0.012473
0.028695
0.041438
0.045575
0.031328
-0.017813
-0.054836
-0.059197
-0.056469
-0.088307
-0.133567
-0.119587
-0.097043
-0.058799
-0.012485
-0.044959
-0.041753
0.011842
0.019342
0.080046
0.187032
0.304446
0.481594
0.637889
0.701751
0.684128
0.662744
0.667321
0.640790
0.589393
0.567659
0.548342
0.489051
0.443020
0.434803
0.414172
0.371598
0.352067
0.309144
0.195587
0.113779
0.091930
0.079662
0.065976
0.050893
0.067298
0.094703
0.103506
0.078984
0.028229
-0.014205
-0.009519
0.027261
0.017147
-0.009888
-0.003101
0.041115
0.144289
0.283606
0.410357
0.497609
0.523058
0.539542
0.594415
0.622995
0.611172
0.584567
0.494859
0.348809
0.263936
0.296621
0.310178
0.212179
0.156362
0.177965
0.147498
0.069842
0.011714
0.035786
0.090256
0.057061
-0.002788
-0.012766
0.009418
0.018056
0.053293
0.164141
0.280234
0.409522
0.504611
0.564998
0.612842
0.562456
0.517101
0.505648
0.433708
0.337389
0.272808
0.214546
0.178102
0.192927
0.186049
0.142561
0.110444
0.105695
0.069426
-0.000560
-0.032291
-0.019713
0.094980
0.280148
0.418116
0.517654
0.551487
0.486319
0.409848
0.406382
0.401703
0.314143
0.222440
0.152838
0.097035
0.088505
0.110199
0.109937
0.047017
-0.031047
-0.041217
0.043401
0.154053
0.240436
0.348894
0.458131
0.489031
0.459536
0.443229
0.429475
0.383422
0.298503
0.224508
0.208147
0.177164
0.090471
0.016943
0.017736
0.043514
0.014832
-0.007550
0.084847
0.240615
0.342240
0.400446
0.468953
0.509322
0.467647
0.382534
0.322652
0.267095
0.196379
0.157098
0.126970
0.085012
0.060427
0.034249
-0.011557
-0.045399
0.024863
0.175134
0.264393
0.299677
0.330795
0.356375
0.370648
0.333605
0.241491
0.153958
0.118147
0.116877
0.098912
0.055316
0.001688
0.007981
0.119489
0.233022
0.304611
0.335007
0.320986
0.328482
0.281573
0.145666
0.098189
0.153590
0.171507
0.142721
0.097925
0.056370
0.075821
0.151770
0.248501
0.311859
0.326502
0.316497
0.251945
0.176893
0.153345
0.156418
0.153477
0.142952
0.140514
0.137763
0.126298
0.141287
0.187372
0.224463
0.223214
0.181137
0.173251
0.201479
0.174993
0.127763
0.098378
0.081713
0.105636
0.176940
0.250048
0.268317
0.280216
0.312951
0.307247
0.265409
0.236609
0.206009
0.153305
0.117603
0.090623
0.070465
0.091136
0.156663
0.251324
0.330054
0.332801
0.286000
0.265676
0.226400
0.149217
0.121609
0.141083
0.142439
0.104837
0.096657
0.171244
0.273436
0.316912
0.281769
0.248473
0.216980
0.161242
0.109483
0.059546
0.053736
0.119119
0.193461
0.214241
0.201523
0.192414
0.208838
0.239505
0.228864
0.180113
0.146841
0.156516
0.182387
0.214888
0.266291
0.315222
0.346407
0.305170
0.208988
0.161276
0.128621
0.101153
0.110490
0.114146
0.125370
0.187982
0.267510
0.256743
0.163360
0.117310
0.126672
0.102022
0.071842
0.075666
0.073821
0.094725
0.130367
0.151470
0.193008
0.204727
0.142043
0.070813
0.033320
0.026460
0.055714
0.099429
0.136920
0.212957
0.274346
0.227440
0.150078
0.110915
0.106896
0.108539
0.096338
0.070608
0.075908
0.182583
0.293722
0.329967
0.297251
0.228903
0.171463
0.099436
0.076724
0.136359
0.218143
0.271649
0.249568
0.212060
0.169469
0.115346
0.100082
0.056037
0.028982
0.115349
0.220081
0.266425
0.248178
0.185576
0.141701
0.124434
0.108093
0.088821
0.084494
0.123011
0.195526
0.240335
0.202224
0.156686
0.135951
0.107772
0.098601
0.102453
0.128763
0.185705
0.257313
0.281794
0.219101
0.147683
0.113703
0.113610
0.159457
0.220336
0.246460
0.257601
0.240622
0.181335
0.154860
0.128029
0.068568
0.079635
0.168422
0.215961
0.186816
0.164069
0.181273
0.177245
0.124768
0.082935
0.085668
0.147498
0.245862
0.252360
0.163825
0.117189
0.110669
0.114849
0.129749
0.138300
0.170439
0.167925
0.137368
0.144995
0.156538
0.160271
0.152486
0.145303
0.167264
0.208031
0.238647
0.226814
0.189264
0.170976
0.144386
0.119821
0.139589
0.157483
0.146279
0.118144
0.100502
0.112791
0.125487
0.131648
0.107356
0.053459
0.074315
0.137216
0.130578
0.141602
0.209346
0.202958
0.137155
0.120501
0.136812
0.143149
0.136969
0.107809
0.068377
0.047358
0.052611
0.057685
0.022207
-0.003542
0.003551
-0.015373
-0.054496
-0.073922
-0.063900
-0.074676
-0.101981
-0.080926
-0.040427
-0.036100
-0.070434
-0.104770
-0.104538
-0.094415
-0.093020
-0.084238
-0.058933
-0.055247
-0.085977
-0.107103
-0.131394
-0.138512
-0.094988
-0.040296
-0.015874
-0.036148
-0.072843
-0.084041
-0.081582
-0.096157
-0.092722
-0.076062
-0.099116
-0.129002
-0.125208
-0.097352
-0.090606
-0.129648
-0.121321
-0.056721
-0.043661
-0.070507
-0.079534
-0.070799
-0.063358
-0.067429
-0.071939
-0.080063
-0.087525
-0.069194
-0.040170
-0.041051
-0.065532
-0.078566
-0.066302
-0.047726
-0.043959
-0.056078
-0.101189
-0.134443
-0.083923
-0.003076
0.014534
0.006880
-0.010910
-0.073874
-0.078145
-0.020419
0.001941
0.004667
0.001124
-0.029319
-0.084721
-0.120736
-0.110480
-0.087922
-0.046717
0.031263
0.062353
0.004544
-0.039223
0.004686
0.058007
0.014047
-0.097147
-0.144316
-0.094573
-0.051643
-0.045803
-0.036857
-0.023336
-0.027895
-0.055673
-0.077795
-0.089026
-0.086023
-0.061502
-0.037176
-0.046399
-0.059165
-0.028696
-0.008192
-0.000523
0.006194
-0.029455
-0.061215
-0.040151
0.006459
0.028250
0.007955
-0.027510
-0.046835
-0.045608
-0.035231
-0.024415
-0.038422
-0.056550
-0.063699
-0.055527
0.015432
0.060589
0.029115
0.021251
0.006265
-0.029504
-0.024733
-0.008134
-0.010191
-0.030851
-0.064654
-0.084327
-0.042611
0.003410
-0.000083
0.003628
0.031516
0.077804
0.107839
0.060441
-0.023278
-0.041100
-0.019177
-0.025168
-0.027957
-0.029590
-0.023432
-0.006175
-0.018212
-0.047584
-0.089824
-0.077150
0.011609
0.058312
0.068676
0.074892
0.051718
0.032735
0.019348
0.017352
0.048268
0.068202
0.034984
-0.012769
-0.000991
0.068554
0.119431
0.080183
-0.010598
-0.050110
-0.036536
-0.016862
-0.013864
-0.030610
-0.041591
-0.055943
-0.093300
-0.113290
-0.086523
-0.045755
-0.027716
-0.034060
-0.027874
0.016268
0.063340
0.057817
0.023959
0.037713
0.076136
0.123135
0.181134
0.178391
0.121739
0.083596
0.100568
0.156783
0.152448
0.075782
0.041952
0.042316
0.026217
0.010606
-0.003799
-0.016350
-0.035012
-0.053948
-0.047501
-0.033198
-0.036797
-0.053553
-0.044137
0.004631
0.068857
0.143523
0.157258
0.122223
0.146580
0.209321
0.219289
0.209684
0.269311
0.315290
0.311522
0.305121
0.277390
0.206420
0.128643
0.129375
0.168517
0.164634
0.111919
0.038530
-0.006842
-0.002252
0.017991
0.035287
0.050569
0.030389
-0.011967
-0.044199
-0.033693
0.000960
0.038320
0.070053
0.074440
0.131845
0.200915
0.196382
0.208933
0.264718
0.310770
0.338440
0.346820
0.357832
0.362702
0.332131
0.283060
0.211346
0.134536
0.109318
0.128370
0.139099
0.101584
0.053087
0.049465
0.053488
0.042032
0.040587
0.032500
0.012264
-0.007426
-0.029966
-0.052759
-0.025396
0.079399
0.152573
0.167094
0.203645
0.289058
0.404632
0.503101
0.578545
0.600128
0.538983
0.471923
0.419737
0.366729
0.337602
0.307934
0.268221
0.243213
0.191106
0.123536
0.110463
0.104729
0.077807
0.079520
0.072111
0.033901
0.028416
0.015342
-0.052368
-0.098805
-0.061178
0.031068
0.106068
0.168846
0.268254
0.375707
0.435221
0.449797
0.486053
0.553585
0.570741
0.557573
0.544478
0.461900
0.374023
0.335865
0.274106
0.216560
0.204459
0.191297
0.165116
0.128893
0.086544
0.069033
0.072518
0.058433
0.032819
0.020437
0.031030
0.057958
0.045538
0.016077
0.037830
0.122255
0.251191
0.383213
0.496856
0.562392
0.546336
0.481588
0.434671
0.458261
0.513518
0.508592
0.426942
0.338547
0.283404
0.197251
0.107441
0.079281
0.062948
0.050127
0.064849
0.068643
0.047041
0.031535
0.046562
0.043683
-0.013795
-0.037944
-0.030740
-0.068759
-0.052104
0.080036
0.212957
0.308795
0.400173
0.495327
0.558950
0.552051
0.494706
0.437648
0.431275
0.436374
0.403384
0.338692
0.254737
0.190827
0.163236
0.168373
0.191176
0.182099
0.145521
0.135854
0.150750
0.144574
0.093224
0.028874
0.005919
0.022008
0.026422
0.023886
0.014159
0.026136
0.124059
0.227908
0.327438
0.470221
0.567373
0.567193
0.534082
0.492171
0.434815
0.397219
0.376222
0.352297
0.319375
0.287959
0.282360
0.298399
0.270874
0.168879
0.093897
0.115902
0.134654
0.087400
0.042799
0.043735
0.068493
0.089771
0.069871
-0.007816
-0.061518
-0.038623
0.040205
0.156085
0.284374
0.403412
0.477955
0.510368
0.545237
0.572050
0.525005
0.417204
0.373488
0.387717
0.337892
0.239830
0.190395
0.199608
0.211277
0.188895
0.160344
0.147817
0.100459
0.045207
0.031908
0.034775
0.050375
0.071806
0.068566
0.033803
0.004146
0.034914
0.102903
0.140684
0.215451
0.314560
0.369499
0.431102
0.471569
0.466478
0.448257
0.430073
0.412855
0.402050
0.381792
0.355755
0.346809
0.305313
0.221201
0.150940
0.109058
0.089103
0.063333
0.028225
0.040124
0.081207
0.091757
0.072536
0.051506
0.019568
0.003360
0.031020
0.040090
0.052792
0.118353
0.228798
0.382021
0.499479
0.512109
0.483155
0.503904
0.557139
0.541027
0.444770
0.381668
0.374537
0.338709
0.260148
0.186265
0.158132
0.184673
0.196987
0.166250
0.124492
0.079869
0.070132
0.079984
0.077851
0.070908
0.037876
0.006119
0.016249
0.041699
0.060419
0.152420
0.315498
0.430996
0.541994
0.656381
0.664839
0.605183
0.576596
0.545543
0.486446
0.467914
0.459115
0.393217
0.331819
0.305473
0.274918
0.261123
0.237981
0.185903
0.146720
0.126173
0.100879
0.061863
0.055591
0.074428
0.081538
0.086251
0.069020
0.041741
0.054739
0.092384
0.145267
0.241389
0.367763
0.492559
0.565944
0.567021
0.527859
0.504785
0.496677
0.413372
0.319441
0.318062
0.353534
0.358539
0.276726
0.180325
0.191668
0.243353
0.209143
0.100946
0.037972
0.039195
0.027526
0.002979
0.015513
0.064561
0.072920
0.007279
-0.057127
-0.018437
0.101679
0.198572
0.293661
0.418821
0.531648
0.553410
0.530674
0.593236
0.640452
0.553428
0.434320
0.365704
0.327879
0.344057
0.339871
0.270256
0.250210
0.242957
0.197556
0.197549
0.222147
0.170441
0.085470
0.076768
0.090473
0.078097
0.080815
0.074018
0.048595
0.019661
-0.015804
-0.013759
0.053792
0.115978
0.128085
0.139525
0.169897
0.155541
0.128474
0.152803
0.163876
0.144640
0.148219
0.184089
0.190453
0.135377
0.081252
0.061596
0.048456
0.021757
-0.009711
-0.003457
0.049536
0.058485
0.029803
0.049302
0.056652
0.036637
0.046653
0.033057
-0.020462
-0.027223
0.009720
0.012082
-0.023034
-0.038442
-0.006871
0.035486
0.066896
0.081097
0.043679
-0.005312
-0.014585
-0.032825
-0.043788
-0.003713
0.027792
0.022378
0.001086
-0.013562
-0.016560
-0.016090
-0.005933
-0.016781
-0.040351
-0.021223
0.031856
0.052789
0.039634
0.057155
0.088320
0.085497
0.051051
0.013479
-0.000694
0.015248
0.037365
0.017534
0.000129
0.033610
0.061604
0.073809
0.070274
0.037885
-0.001648
-0.038284
-0.035371
-0.020778
-0.031710
-0.022628
0.000424
0.005586
0.007805
0.033082
0.040653
0.022762
0.013675
0.026338
0.077513
0.072057
0.000977
-0.019704
0.027182
0.081756
0.055294
-0.006053
-0.016673
0.013113
0.039497
0.043002
0.048940
0.030963
0.011640
0.019379
0.003823
-0.023440
0.009024
0.069099
0.042140
0.011541
0.054478
0.082254
0.087711
0.096857
0.090874
0.096547
0.122185
0.116410
0.097650
0.090471
0.099263
0.121838
0.123224
0.082540
0.019886
0.002161
0.021884
0.025237
0.052018
0.080206
0.032293
0.002023
0.055122
0.076543
0.036036
0.022571
0.048867
0.057207
0.046747
0.065713
0.088549
0.054498
0.008785
0.024763
0.084219
0.100703
0.049944
0.029678
0.051372
0.055702
0.068714
0.091732
0.089227
0.064905
0.029260
0.003255
0.008176
0.007569
-0.018710
-0.035008
-0.019939
0.004083
0.015536
0.026192
0.039292
0.041143
0.018279
-0.018646
-0.033446
-0.024913
-0.015761
0.009110
0.033703
0.027795
0.019717
0.019845
-0.001234
-0.036250
-0.044705
-0.025212
-0.019128
-0.020389
0.030863
0.063233
0.000961
-0.058186
-0.059143
-0.043431
-0.020294
0.001441
-0.028313
-0.086008
-0.102716
-0.078264
-0.039167
-0.020130
-0.039798
-0.057006
-0.064550
-0.066610
-0.006697
0.054542
0.028819
0.010917
0.048653
0.055382
0.020716
-0.007848
-0.005897
0.024797
0.048304
0.035475
0.007829
0.004212
0.003176
-0.023189
-0.039768
-0.003601
0.061897
0.077257
0.020944
-0.031681
-0.057901
-0.070052
-0.030917
0.006324
-0.007221
-0.022152
-0.008254
0.003814
-0.018587
-0.028199
-0.009614
-0.019433
-0.027718
0.010694
0.040262
0.031460
0.009881
-0.010048
-0.039628
-0.070222
-0.071901
-0.056616
-0.035384
-0.016860
-0.013320
-0.008519
-0.017316
-0.036844
-0.014879
0.029599
0.043805
0.029459
0.003951
-0.008751
0.004108
-0.004581
-0.032757
-0.035263
-0.016665
0.004112
0.001594
-0.036331
-0.051614
-0.008194
0.025177
0.015018
-0.007264
0.025502
0.064386
0.024527
0.005956
0.019576
0.033865
0.078056
0.099888
0.076915
0.012851
-0.053871
-0.052110
-0.017878
-0.004732
0.013238
0.025520
0.016662
0.036445
0.073074
0.056600
-0.012730
-0.061975
-0.055836
-0.035364
-0.035624
-0.030755
-0.005003
0.011220
0.012488
0.012946
0.011502
-0.013765
-0.013158
0.028703
0.048339
-0.004967
