0.075291
-0.030005
-0.070078
-0.085432
-0.102606
-0.132953
-0.114643
-0.069741
-0.045783
-0.045104
-0.067892
-0.058913
0.005462
0.007828
-0.050305
-0.027743
0.038866
0.054947
0.083396
0.116832
0.134039
0.163515
0.085898
-0.012520
0.001119
-0.006961
-0.060644
-0.052881
0.000924
-0.011463
-0.051679
-0.019276
0.010375
-0.046622
-0.045917
0.067781
0.123896
0.119290
0.079856
0.026837
0.019139
-0.000447
-0.008359
0.016809
0.005633
-0.015247
0.008309
0.019755
-0.023113
-0.067324
-0.073869
-0.028657
0.009031
0.025639
0.103665
0.158857
0.121398
0.062552
0.041480
0.048723
0.015304
-0.010463
-0.017978
-0.079628
-0.083902
0.000843
0.062648
0.069626
0.045946
0.084840
0.162733
0.145814
0.076239
0.051611
0.075875
0.095897
0.077184
0.089193
0.122404
0.113184
0.090794
0.075938
0.044788
-0.036067
-0.115901
-0.115437
-0.039361
0.013288
0.002608
-0.005351
-0.005147
-0.003656
-0.034187
-0.051093
0.006146
-0.000073
-0.038048
0.065134
0.174057
0.113055
0.000845
-0.032727
-0.005283
0.080219
0.166631
0.184816
0.173834
0.127417
0.057456
0.022424
0.076229
0.154710
0.119186
0.077313
0.075911
0.038330
0.017877
-0.009861
-0.019605
0.016233
-0.018170
-0.052004
0.022439
0.097056
0.108214
0.091554
0.110244
0.146686
0.097759
0.044890
0.101484
0.253847
0.456609
0.746343
0.996602
1.000000
0.930705
0.888248
0.800409
0.698022
0.633244
0.578302
0.495719
0.417366
0.337679
0.265350
0.205890
0.192880
0.230112
0.252396
0.259998
0.225276
0.174754
0.168628
0.138689
0.090578
0.101625
0.137136
0.130632
0.118997
0.158684
0.188149
0.109550
0.067359
0.200468
0.296412
0.237608
0.192853
0.266024
0.308636
0.225233
0.203053
0.304181
0.331223
0.216062
0.148747
0.208952
0.248385
0.221811
0.198811
0.200262
0.222540
0.231092
0.207503
0.216750
0.254106
0.245595
0.220257
0.188182
0.152002
0.156344
0.136830
0.111903
0.150622
0.153408
0.129375
0.170910
0.187727
0.137722
0.105891
0.094457
0.101135
0.166840
0.213450
0.162369
0.088786
0.119506
0.246557
0.274873
0.200260
0.143406
0.100533
0.085007
0.101418
0.144896
0.172904
0.169491
0.180434
0.205174
0.231111
0.291202
0.309002
0.208686
0.143068
0.198049
0.239662
0.165206
0.090870
0.098727
0.087351
0.043107
0.039959
0.054698
0.039120
0.018186
0.019151
0.048994
0.112217
0.156245
0.143646
0.120996
0.078031
0.027750
0.084370
0.164731
0.156416
0.189049
0.238910
0.195277
0.177236
0.197389
0.177756
0.165918
0.172039
0.239029
0.285232
0.199768
0.176398
0.184300
0.097721
0.062436
0.077965
0.064463
0.034133
0.046603
0.090481
0.122867
0.187278
0.202218
0.155452
0.118170
0.065088
0.059296
0.096801
0.126360
0.142034
0.131283
0.127642
0.083890
0.027663
0.021034
0.042332
0.110313
0.141707
0.105007
0.095393
0.164329
0.263400
0.300355
0.277614
0.185738
0.083090
0.067030
0.026539
-0.063681
-0.024382
0.104165
0.116686
0.029385
-0.012687
-0.003165
0.007589
0.023914
0.020974
0.028842
0.034134
-0.033757
-0.084493
-0.019085
0.103265
0.122703
0.048730
0.053140
0.126566
0.166037
0.200543
0.190179
0.090203
0.033568
0.020284
0.007991
0.049364
0.100081
0.093145
0.053545
0.085842
0.178233
0.220519
0.213541
0.185341
0.172402
0.184509
0.154079
0.084156
0.057461
0.076218
0.098216
0.119275
0.129182
0.153499
0.183146
0.137225
0.039075
0.020146
0.059190
0.010842
-0.071877
-0.089879
-0.084680
-0.075047
-0.074998
-0.069744
-0.072332
-0.112638
-0.078734
-0.004226
0.005135
0.025761
0.072192
0.057351
-0.039123
-0.090337
-0.026450
0.033344
0.012313
-0.014285
0.027589
0.061977
0.021735
-0.013236
-0.006570
-0.016176
-0.040548
-0.010801
0.094036
0.128187
0.083434
0.102956
0.096073
0.047486
0.069114
0.095636
0.052451
-0.011610
-0.056179
-0.053288
-0.000310
-0.000267
-0.083248
-0.185145
-0.228613
-0.161978
-0.079543
-0.071080
-0.101818
-0.118895
-0.108916
-0.091547
-0.032709
0.023664
0.017731
0.021983
0.029210
0.007994
-0.033807
-0.075493
-0.092321
-0.099137
-0.107214
-0.076787
0.006529
0.026828
-0.025678
-0.038235
-0.014998
-0.016898
-0.018918
0.034256
0.058872
0.002326
-0.019568
-0.002531
-0.031279
-0.071101
-0.129366
-0.177227
-0.091904
-0.019479
-0.097578
-0.155214
-0.139099
-0.096827
-0.028690
0.016877
0.013904
-0.016430
-0.011059
0.010915
-0.025988
-0.079066
-0.063072
-0.007331
-0.009449
-0.017282
0.012754
-0.024653
-0.052314
-0.015362
-0.019583
-0.013895
0.020977
-0.002359
-0.052314
-0.052234
-0.003203
0.035156
0.013993
-0.033869
-0.071939
-0.086247
-0.072342
-0.052030
-0.032809
-0.048058
-0.078096
-0.072658
-0.123779
-0.208694
-0.194184
-0.130634
-0.094062
-0.087166
-0.094351
-0.084687
-0.070985
-0.072220
-0.061821
-0.054297
-0.058047
-0.057070
-0.083567
-0.100918
-0.044344
0.028691
0.035481
0.013598
-0.022253
-0.086743
-0.104700
-0.085662
-0.049626
0.005001
-0.022868
-0.098583
-0.114310
-0.100714
-0.094478
-0.110193
-0.129882
-0.140637
-0.134250
-0.121092
-0.158562
-0.155126
-0.075134
-0.041998
-0.029710
-0.000873
0.070182
0.235117
0.428911
0.599787
0.738170
0.840033
0.883395
0.927356
0.939529
0.797896
0.702389
0.716710
0.644988
0.534127
0.490638
0.508949
0.519937
0.466960
0.431571
0.424911
0.382090
0.342492
0.325337
0.311561
0.303834
0.270758
0.212963
0.181868
0.193256
0.204169
0.176219
0.129127
0.092516
0.088835
0.106111
0.137735
0.152844
0.117274
0.100966
0.059808
0.028064
0.171008
0.282867
0.224336
0.171460
0.146889
0.126482
0.113951
0.121228
0.170601
0.193362
0.172262
0.145674
0.108262
0.107197
0.132732
0.110842
0.139123
0.224691
0.231013
0.206185
0.218346
0.191055
0.121861
0.088854
0.065966
0.061868
0.094282
0.084036
0.060141
0.058977
-0.008219
-0.068130
-0.010203
0.032425
0.074978
0.148355
0.145060
0.135350
0.103938
0.004949
-0.008115
0.093553
0.095719
-0.005838
0.005026
0.083889
0.111205
0.117796
0.125852
0.115097
0.120402
0.147266
0.111890
0.037704
-0.015102
-0.028264
-0.010523
0.010644
0.044027
0.033908
-0.014775
-0.012930
0.086830
0.206199
0.170496
0.037429
-0.009184
0.003437
-0.007590
-0.019576
-0.004889
0.031614
0.089864
0.173166
0.169194
0.067302
0.042816
0.080809
0.070034
0.040979
0.022547
0.037549
0.077804
0.067433
0.030882
0.018555
0.028354
0.060178
0.061752
0.068841
0.134724
0.159744
0.134228
0.102556
0.069091
0.059434
0.093858
0.146238
0.195097
0.268227
0.349398
0.384988
0.419450
0.454697
0.446307
0.481173
0.517608
0.548703
0.579655
0.518780
0.503868
0.580983
0.588839
0.448036
0.278584
0.188001
0.161678
0.160706
0.140659
0.124240
0.130227
0.172841
0.163965
0.094834
0.096070
0.095265
0.044964
-0.001264
-0.024206
-0.003725
0.048587
0.098260
0.080822
0.010736
-0.041219
-0.070769
-0.073389
-0.048681
-0.015781
0.006015
0.025965
-0.005519
-0.100441
-0.132444
-0.100265
-0.064243
-0.035232
-0.027370
-0.008797
0.018621
0.022753
0.065790
0.134871
0.102877
0.036906
0.043817
0.025234
-0.025763
-0.017543
0.004172
0.002708
-0.018687
-0.037067
-0.017012
0.004607
0.009129
0.000298
0.014547
0.070904
0.092887
0.094231
0.189947
0.302769
0.489709
0.826689
0.949065
0.890666
0.929157
0.958640
0.975645
0.969329
0.857986
0.739828
0.662860
0.610520
0.515664
0.347950
0.280511
0.352478
0.345133
0.218743
0.104213
0.002215
-0.063737
-0.064569
-0.062137
-0.058281
-0.036277
-0.044446
-0.092671
-0.129620
-0.096196
-0.027419
-0.023660
-0.049288
-0.053243
-0.050412
-0.026454
-0.006405
0.068688
0.337891
0.627731
0.741477
0.786791
0.761925
0.657390
0.598921
0.593027
0.641465
0.649470
0.522322
0.361619
0.245569
0.200962
0.113312
0.027617
0.094959
0.146785
0.121237
0.121760
0.122855
0.080278
0.018140
0.014406
0.045605
0.043758
0.025997
0.068633
0.240985
0.486677
0.726262
0.871072
0.804866
0.580199
0.464681
0.479378
0.423576
0.363508
0.329556
0.220502
0.101544
0.070761
0.091532
0.047930
-0.026374
0.009806
0.074176
0.067249
0.025529
-0.042165
-0.022154
0.124728
0.336343
0.578233
0.689280
0.631322
0.562109
0.565470
0.574229
0.492277
0.347076
0.236566
0.181273
0.127410
0.040275
-0.025815
-0.033492
-0.040414
-0.075142
-0.109602
-0.041122
0.084388
0.173929
0.326527
0.490338
0.561353
0.571515
0.551335
0.543093
0.461594
0.281672
0.189608
0.152786
0.051144
-0.041089
-0.066354
-0.050259
0.019098
0.118880
0.155049
0.136365
0.182000
0.317232
0.452030
0.515843
0.490237
0.442499
0.419586
0.382734
0.315239
0.193343
0.079425
0.078626
0.091201
-0.021811
-0.186180
-0.237026
-0.154959
0.025725
0.257450
0.425478
0.471142
0.450731
0.413615
0.292265
0.137411
0.118001
0.122875
0.019366
-0.024541
-0.001976
-0.029733
-0.029085
0.066810
0.174772
0.232196
0.306221
0.403181
0.415259
0.340932
0.310874
0.278047
0.166991
0.102977
0.113200
0.066005
-0.020109
-0.021622
0.004639
0.047651
0.190729
0.359207
0.410222
0.351166
0.291277
0.246564
0.202201
0.105276
-0.011804
-0.034061
-0.019538
-0.022698
0.005679
0.091494
0.196426
0.274667
0.325426
0.318480
0.260476
0.237491
0.216794
0.096651
-0.018847
-0.015770
0.007000
0.000432
0.048736
0.167715
0.243595
0.243908
0.251822
0.247488
0.216420
0.202889
0.193127
0.161424
0.069642
-0.059959
-0.087141
0.067844
0.230695
0.220285
0.182692
0.259409
0.324978
0.250888
0.144274
0.104709
0.111699
0.137014
0.087026
0.049633
0.147766
0.300311
0.369282
0.275086
0.162216
0.160285
0.156176
0.116960
0.105373
0.142535
0.193551
0.221739
0.325637
0.425451
0.385261
0.310244
0.236677
0.125833
0.058925
0.100515
0.147550
0.124245
0.111254
0.170342
0.211653
0.180072
0.143795
0.123134
0.120669
0.103727
0.051798
-0.003653
-0.080130
-0.083805
0.097078
0.317215
0.422372
0.361860
0.211198
0.155575
0.176146
0.159896
0.086952
0.074335
0.221938
0.341857
0.351031
0.289311
0.125901
0.041523
0.063284
0.010491
-0.061917
-0.028586
0.023388
0.034483
0.081986
0.098017
0.073353
0.087254
0.112110
0.103195
0.035359
-0.047261
-0.061366
0.038559
0.229616
0.312533
0.233105
0.232468
0.275746
0.224580
0.130617
0.058381
0.062369
0.060073
0.066591
0.187606
0.288802
0.256266
0.143556
0.051874
0.076736
0.165414
0.208368
0.186666
0.148135
0.151303
0.179754
0.162638
0.112256
0.128064
0.164243
0.154192
0.234007
0.354599
0.292757
0.124139
0.047571
0.094003
0.101022
-0.015286
-0.041703
0.111515
0.262258
0.320652
0.263756
0.124186
0.074427
0.134775
0.166068
0.111104
0.084846
0.170426
0.234474
0.190324
0.113247
0.055884
0.023675
0.017826
0.038294
0.092925
0.114423
0.124949
0.203185
0.248324
0.208556
0.114152
0.065070
0.116019
0.135637
0.118269
0.176319
0.217530
0.086095
-0.054112
-0.032993
0.039646
0.076782
0.148159
0.229510
0.226295
0.186352
0.143506
0.116748
0.145132
0.168761
0.176144
0.226485
0.217032
0.105193
0.050559
0.114516
0.181610
0.177625
0.185459
0.227168
0.199161
0.109360
0.066304
0.095724
0.099108
0.057174
0.105996
0.215859
0.259312
0.246453
0.211635
0.135617
0.068547
0.083176
0.126048
0.144907
0.152546
0.165472
0.136778
0.040210
-0.045282
-0.047528
0.018709
0.059524
0.020707
-0.038250
-0.079995
-0.099351
-0.049350
0.016661
-0.023955
-0.122356
-0.122627
-0.104331
-0.172041
-0.199898
-0.217126
-0.235842
-0.153963
-0.068526
-0.043194
-0.054090
-0.076041
-0.108109
-0.171450
-0.218859
-0.183478
-0.099267
-0.092352
-0.123858
-0.085361
-0.039572
-0.038666
-0.008947
0.066053
0.072854
-0.030465
-0.119799
-0.109951
-0.048882
-0.015979
-0.049401
-0.092772
-0.104814
-0.074976
-0.032337
-0.058734
-0.076450
-0.016500
-0.007583
-0.064635
-0.098417
-0.113217
-0.127296
-0.125035
-0.079843
-0.039265
-0.031842
-0.018748
-0.029424
-0.083834
-0.117409
-0.085899
-0.078607
-0.155719
-0.193288
-0.144758
-0.088625
-0.057620
-0.030355
-0.024154
-0.064628
-0.092505
-0.110928
-0.175087
-0.239314
-0.208209
-0.141536
-0.141398
-0.150094
-0.138856
-0.096759
-0.032792
-0.007263
-0.028737
-0.098800
-0.182427
-0.185918
-0.122270
-0.136866
-0.157825
-0.050225
0.051721
0.036666
-0.039058
-0.087579
-0.076091
-0.020304
0.030556
0.028444
-0.018596
-0.079150
-0.081151
-0.045255
-0.063668
-0.098391
-0.115783
-0.084596
-0.016380
-0.010352
-0.031180
-0.063847
-0.127268
-0.134405
-0.108529
-0.127966
-0.134020
-0.096957
-0.087269
-0.079360
-0.035592
-0.035467
-0.089716
-0.108565
-0.055302
0.018809
0.052207
0.021888
-0.074759
-0.151256
-0.098056
-0.029170
-0.070507
-0.083085
-0.050378
-0.112925
-0.170034
-0.123586
-0.066896
-0.050423
-0.066734
-0.084161
-0.092495
-0.119088
-0.136517
-0.094569
-0.054198
-0.065465
-0.047521
-0.023812
-0.057164
-0.048985
0.045493
0.059727
-0.037538
-0.059090
0.004028
0.043042
0.046272
0.036430
0.029470
0.063460
0.107415
0.059723
-0.034458
-0.019855
0.084997
0.140413
0.150702
0.136618
0.051698
-0.055196
-0.097707
-0.123050
-0.146608
-0.103783
-0.072175
-0.082719
-0.070680
-0.063672
-0.064241
-0.064273
-0.095223
-0.091069
-0.065384
-0.076359
-0.043478
0.007708
0.003222
0.019271
0.121252
0.203228
0.191877
0.197675
0.242410
0.230836
0.181750
0.167036
0.169732
0.154405
0.147136
0.097940
-0.002899
-0.020892
0.020298
0.029595
0.027972
0.042646
0.066149
0.058459
0.007863
-0.050538
-0.052894
0.000440
-0.016496
-0.035177
0.086538
0.196945
0.207327
0.218339
0.310015
0.411709
0.428976
0.497521
0.631840
0.601006
0.412111
0.299974
0.334349
0.355440
0.258313
0.174177
0.142003
0.091550
0.021895
-0.069017
-0.119213
-0.108058
-0.071679
-0.043623
-0.042941
-0.031898
-0.036688
-0.066529
-0.031195
0.019085
0.004235
0.070329
0.212952
0.263430
0.283263
0.356873
0.442191
0.500470
0.591922
0.705077
0.693294
0.618208
0.604362
0.564231
0.447603
0.314009
0.206241
0.184533
0.183073
0.100426
0.006705
-0.024096
-0.016993
-0.028533
-0.063214
-0.098810
-0.111898
-0.117996
-0.121540
-0.029377
0.108681
0.151225
0.184541
0.279247
0.361230
0.424912
0.469935
0.547312
0.638646
0.612132
0.582007
0.574941
0.473821
0.431898
0.436201
0.374130
0.314093
0.219344
0.129356
0.112633
0.131438
0.156431
0.116107
0.047177
-0.007415
-0.038510
-0.005487
-0.001964
-0.048312
-0.089936
-0.115625
-0.078744
0.000154
0.154821
0.384374
0.507742
0.563717
0.614526
0.562689
0.538340
0.606025
0.563188
0.440094
0.448092
0.472724
0.388489
0.309521
0.253165
0.230739
0.223679
0.122184
0.009553
-0.020588
0.002070
0.086054
0.149417
0.093397
0.071264
0.171128
0.185908
0.102646
0.005972
-0.052618
0.042687
0.198315
0.319403
0.381015
0.386466
0.426302
0.532752
0.637592
0.672954
0.664844
0.611428
0.455053
0.250738
0.147815
0.148918
0.129082
0.114459
0.139083
0.125486
0.105253
0.066713
0.009227
0.039322
0.112432
0.162004
0.160467
0.108436
0.102210
0.096290
0.031430
0.018113
0.075551
0.093188
0.087520
0.205033
0.379125
0.491993
0.549556
0.535260
0.553787
0.607215
0.528017
0.393401
0.338525
0.350794
0.337859
0.174593
0.003192
0.008820
0.084405
0.113396
0.081284
0.008779
-0.013907
0.066776
0.123059
0.072243
-0.020400
-0.094306
-0.076722
-0.036598
-0.079225
-0.030703
0.195637
0.402781
0.556950
0.675235
0.654489
0.590583
0.600910
0.627261
0.614271
0.555729
0.447120
0.305863
0.221352
0.188194
0.145637
0.128939
0.122600
0.096672
0.063057
0.061580
0.074434
0.002939
-0.073388
-0.038628
0.013196
0.004814
-0.019568
0.015022
0.078198
0.074830
0.135278
0.344373
0.507826
0.576955
0.610258
0.594387
0.629294
0.688741
0.644799
0.562667
0.476507
0.374621
0.333737
0.328365
0.274955
0.215301
0.141102
0.057570
0.042725
0.092816
0.123122
0.078454
0.041655
0.053913
0.107020
0.133746
0.035314
-0.063392
-0.078471
-0.020463
0.117636
0.202719
0.243284
0.335631
0.482449
0.635790
0.685688
0.663949
0.634567
0.572996
0.487666
0.416462
0.368688
0.309865
0.259908
0.250048
0.185208
0.061186
0.003232
0.033967
0.110406
0.156238
0.113424
0.043438
0.002833
0.010520
0.045778
0.017601
-0.010654
0.027149
0.061504
0.089930
0.174252
0.343007
0.496492
0.596997
0.642284
0.562508
0.446787
0.421602
0.467839
0.472040
0.413353
0.375766
0.353931
0.257233
0.132004
0.095620
0.114101
0.163163
0.210149
0.159967
0.058101
0.035489
0.058966
0.055872
0.065984
0.077878
0.087577
0.135248
0.180914
0.153932
0.145358
0.252605
0.389905
0.524949
0.649901
0.714685
0.706801
0.666995
0.618769
0.541035
0.434730
0.332511
0.288070
0.210245
0.053537
-0.012277
0.047555
0.106387
0.082985
0.015091
0.051535
0.116801
0.043276
0.025343
0.102240
0.040315
-0.047720
-0.000235
0.022762
-0.061531
-0.090799
0.054525
0.322053
0.558030
0.658795
0.654198
0.582813
0.484935
0.458459
0.506678
0.505817
0.421984
0.341267
0.297669
0.248882
0.220779
0.267243
0.299453
0.261821
0.197852
0.137924
0.129829
0.166159
0.155453
0.047391
-0.052549
-0.049317
-0.034928
-0.034039
-0.026147
0.009584
0.122787
0.238104
0.342489
0.463762
0.583362
0.633480
0.597303
0.567538
0.567592
0.585582
0.574030
0.522186
0.456622
0.316812
0.153213
0.097634
0.110124
0.090405
0.062961
0.086437
0.091732
0.024595
-0.033875
0.007974
0.062881
-0.000000
-0.046440
0.003672
0.019801
-0.026635
-0.069210
-0.004759
0.122129
0.172940
0.262975
0.327272
0.221615
0.147751
0.175248
0.210382
0.190660
0.156377
0.164767
0.132555
0.062376
0.007971
-0.010420
-0.029392
-0.087429
-0.060438
0.019379
-0.006080
-0.015467
0.056530
0.066081
0.061232
0.080791
0.070858
0.082636
0.028921
-0.058197
-0.044160
-0.047336
-0.073160
-0.073701
-0.079523
-0.015888
0.085764
0.126685
0.103861
0.039373
-0.009708
-0.026068
-0.041926
-0.049156
-0.025463
0.034059
0.124464
0.139502
0.016119
-0.052540
0.037929
0.132324
0.119636
0.070063
0.057890
0.032838
0.005152
0.014339
-0.024125
-0.044591
0.021151
0.052191
0.058938
0.082362
0.063462
0.025741
0.006100
-0.000690
0.034230
0.071656
0.041375
-0.030375
-0.073390
-0.043461
-0.009912
-0.023770
-0.026174
-0.021679
-0.043783
-0.080084
-0.093839
-0.091046
-0.120131
-0.143785
-0.101510
-0.010526
0.053627
0.028475
-0.017592
-0.009121
0.029044
0.047041
0.035132
-0.004974
-0.076073
-0.106647
-0.080972
-0.067792
-0.035690
0.054154
0.117647
0.115362
0.109223
0.104931
0.091173
0.078151
0.016421
-0.042928
0.007942
0.030214
-0.030839
-0.042845
0.012742
0.091661
0.076995
-0.008094
-0.001773
0.105971
0.182335
0.140112
0.071207
0.070192
0.086352
0.047847
-0.001589
0.031877
0.149511
0.220271
0.170407
0.102786
0.066334
0.060568
0.063959
0.068104
0.116750
0.163893
0.166751
0.132845
0.131697
0.192451
0.217604
0.172613
0.161194
0.191490
0.121386
0.040140
0.061708
0.069120
0.029844
0.021820
0.096456
0.146652
0.119255
0.089525
0.034087
-0.016768
-0.021463
0.025470
0.127067
0.158694
0.056389
-0.000487
0.082586
0.137351
0.108594
0.124790
0.128847
0.035570
0.025960
0.094818
0.065716
-0.014120
-0.061977
-0.079546
-0.100041
-0.106356
-0.054264
0.016082
0.035906
0.032267
0.071733
0.079461
0.014638
-0.010191
0.018900
0.002401
-0.076436
-0.089812
-0.004482
0.026380
-0.034932
-0.055940
-0.015781
0.007451
0.030338
0.062184
0.059080
0.008774
-0.056922
-0.083716
-0.089206
-0.073233
-0.014821
0.018747
0.021617
0.023430
0.011550
0.020318
0.049003
0.014767
-0.047394
-0.071430
-0.064810
-0.029105
-0.027370
-0.042678
-0.020816
-0.001717
-0.023590
-0.079809
-0.093821
-0.035217
0.036837
0.018430
-0.084451
-0.105823
0.010917
0.115620
0.084617
0.018209
-0.032701
-0.078434
-0.035400
0.027395
0.022961
0.001918
0.001150
0.016602
0.046247
0.053636
0.026608
0.010620
-0.033847
-0.055158
0.006834
0.040154
0.078509
0.131011
0.089651
0.033038
0.031146
0.057209
0.081363
0.074335
0.029205
-0.047695
-0.102213
-0.117219
-0.108722
-0.070472
-0.028977
-0.030856
-0.065866
-0.067724
-0.036887
-0.028676
-0.034384
0.014725
0.071578
0.075404
0.017140
-0.021660
0.033059
0.019358
-0.023030
0.051544
0.094812
0.040788
0.044971
0.098179
0.096428
0.053513
-0.000664
-0.037645
-0.037293
0.029401
0.084564
0.040003
-0.022807
-0.036158
0.042819
0.132045
0.127061
0.094594
0.029936
-0.036573
-0.023638
-0.003691
-0.037586
-0.073076
-0.027162
0.047344
0.069236
0.030394
