0.070446
-0.005353
0.013358
0.003648
0.007248
-0.001626
0.001955
0.004620
0.008109
0.009027
0.013342
0.020186
0.024518
0.029237
0.037746
0.038653
0.032922
0.032070
0.031683
0.031333
0.035121
0.035935
0.032995
0.031348
0.030828
0.033467
0.037189
0.039670
0.041685
0.037725
0.029183
0.025142
0.023402
0.021211
0.021808
0.018788
0.011559
0.006394
0.001473
-0.000920
-0.003963
-0.010457
-0.011090
-0.008507
-0.009218
-0.010938
-0.015497
-0.021417
-0.021759
-0.018002
-0.018747
-0.023785
-0.024506
-0.023054
-0.025746
-0.028425
-0.026787
-0.024819
-0.021511
-0.015345
-0.013888
-0.015011
-0.012367
-0.010222
-0.010705
-0.010004
-0.008827
-0.010515
-0.012145
-0.011879
-0.012257
-0.011234
-0.008510
-0.007160
-0.006420
-0.005327
-0.003116
-0.000303
0.001102
0.000544
-0.001429
-0.002708
0.002756
0.011667
0.012434
0.008333
0.005793
0.007664
0.014635
0.017367
0.011626
0.006140
0.008388
0.015388
0.021820
0.024523
0.020024
0.012672
0.011183
0.013966
0.017204
0.018781
0.014869
0.011713
0.012900
0.013678
0.017311
0.021021
0.017369
0.012596
0.014519
0.019241
0.019908
0.017859
0.014433
0.008687
0.004935
0.005204
0.003778
-0.001662
-0.003356
0.000402
0.002726
0.003726
0.001188
-0.005551
-0.005483
0.000174
0.002195
0.005490
0.019315
0.095387
0.287103
0.540762
0.738835
0.838280
0.880603
0.891348
0.881014
0.862037
0.840399
0.819995
0.794540
0.765994
0.745300
0.726275
0.700655
0.680437
0.673993
0.666001
0.648948
0.626178
0.601423
0.586760
0.580620
0.574039
0.564370
0.553461
0.547504
0.548227
0.549664
0.545281
0.539826
0.532542
0.522949
0.515931
0.509578
0.509701
0.514057
0.517006
0.521313
0.522806
0.525529
0.534441
0.537417
0.530413
0.526178
0.524898
0.518946
0.517711
0.522404
0.515527
0.505502
0.510289
0.510527
0.494874
0.483310
0.483098
0.487781
0.492339
0.492303
0.487151
0.478705
0.472086
0.470307
0.467704
0.462386
0.461464
0.463955
0.466592
0.472419
0.470982
0.456978
0.446498
0.446161
0.447727
0.443340
0.434996
0.430495
0.427856
0.422848
0.418455
0.419551
0.421589
0.416904
0.412325
0.414052
0.417513
0.423930
0.434142
0.436136
0.426222
0.418264
0.420132
0.418963
0.408785
0.403321
0.409634
0.420362
0.421624
0.415692
0.410745
0.404338
0.398312
0.392610
0.385641
0.386909
0.396053
0.400983
0.401683
0.398229
0.391526
0.382526
0.371183
0.366418
0.368171
0.366028
0.359279
0.353359
0.348002
0.346524
0.354895
0.365149
0.362872
0.351576
0.344860
0.348556
0.356132
0.356984
0.353758
0.349078
0.338816
0.324821
0.318180
0.321476
0.323966
0.327555
0.338236
0.348820
0.348990
0.341079
0.334895
0.332809
0.334338
0.340303
0.346878
0.348844
0.343720
0.335256
0.333721
0.334877
0.326586
0.312988
0.305514
0.302593
0.300032
0.300902
0.299589
0.298478
0.305974
0.317953
0.329915
0.332837
0.326726
0.325127
0.330546
0.330372
0.320635
0.316256
0.317665
0.311956
0.305442
0.305161
0.303892
0.309661
0.326766
0.342267
0.350853
0.347416
0.337725
0.332072
0.327774
0.321211
0.311063
0.304474
0.307286
0.312127
0.310596
0.302628
0.290656
0.270647
0.239796
0.201656
0.158269
0.118542
0.087099
0.057586
0.031008
0.010503
-0.003756
-0.012894
-0.021005
-0.031946
-0.041860
-0.046344
-0.051393
-0.059627
-0.067362
-0.071380
-0.068505
-0.065299
-0.067435
-0.070895
-0.070988
-0.070056
-0.074229
-0.079133
-0.080363
-0.080986
-0.080513
-0.079867
-0.080615
-0.082819
-0.086307
-0.089242
-0.090726
-0.089258
-0.085884
-0.084897
-0.084823
-0.082251
-0.080357
-0.083158
-0.087156
-0.086952
-0.084432
-0.080737
-0.076487
-0.076560
-0.079517
-0.079955
-0.078724
-0.077877
-0.077547
-0.077945
-0.077600
-0.077244
-0.077603
-0.077610
-0.077306
-0.076987
-0.077661
-0.079523
-0.080103
-0.079005
-0.079855
-0.083980
-0.088694
-0.088434
-0.084110
-0.082999
-0.085818
-0.086025
-0.081649
-0.080049
-0.082602
-0.083988
-0.082205
-0.080892
-0.083728
-0.082548
-0.074119
-0.074371
-0.082907
-0.081710
-0.074409
-0.071786
-0.073670
-0.077456
-0.079179
-0.078999
-0.077029
-0.072000
-0.071875
-0.077536
-0.079579
-0.077852
-0.077028
-0.077436
-0.078777
-0.082538
-0.083946
-0.081781
-0.082145
-0.084329
-0.083526
-0.081486
-0.083163
-0.086993
-0.089244
-0.088493
-0.087721
-0.087922
-0.087266
-0.087623
-0.086188
-0.083580
-0.086583
-0.089225
-0.086449
-0.082808
-0.078505
-0.076701
-0.081332
-0.087543
-0.089501
-0.086723
-0.081505
-0.077016
-0.076352
-0.080689
-0.085991
-0.084908
-0.081481
-0.083069
-0.085135
-0.084007
-0.083345
-0.084725
-0.084569
-0.082267
-0.080088
-0.081331
-0.084960
-0.082702
-0.078944
-0.080940
-0.082322
-0.081135
-0.080436
-0.079957
-0.078849
-0.078998
-0.080949
-0.080887
-0.081930
-0.084287
-0.081932
-0.080778
-0.081988
-0.081001
-0.083204
-0.087613
-0.087705
-0.082958
-0.077112
-0.076529
-0.079818
-0.083014
-0.087642
-0.088077
-0.085678
-0.089478
-0.094141
-0.092940
-0.090713
-0.091786
-0.090800
-0.088603
-0.091258
-0.092404
-0.088490
-0.086359
-0.085744
-0.082295
-0.081313
-0.083634
-0.080560
-0.048245
0.033601
0.156288
0.294507
0.426465
0.526904
0.561354
0.547954
0.531561
0.518693
0.492048
0.454103
0.430944
0.421727
0.416303
0.409587
0.392024
0.366833
0.349650
0.350150
0.349794
0.336154
0.322767
0.314281
0.298021
0.270117
0.253567
0.256132
0.260656
0.259472
0.255102
0.248653
0.244791
0.250029
0.258074
0.257903
0.244573
0.229001
0.223987
0.224414
0.222544
0.223018
0.229170
0.226311
0.211103
0.202358
0.204678
0.208811
0.209748
0.205816
0.200978
0.203094
0.208329
0.201019
0.187946
0.183250
0.181197
0.179641
0.178446
0.172194
0.170176
0.173986
0.169057
0.165159
0.168512
0.161931
0.154804
0.158131
0.158107
0.157795
0.160971
0.161951
0.160204
0.159542
0.164369
0.166645
0.165358
0.168236
0.165661
0.153179
0.144474
0.145773
0.154281
0.157160
0.149625
0.144005
0.141274
0.138728
0.138766
0.142504
0.144899
0.141226
0.137091
0.134570
0.134486
0.139673
0.141606
0.136155
0.131655
0.129609
0.127883
0.134124
0.142988
0.141501
0.135966
0.134202
0.136990
0.143659
0.147334
0.147096
0.147625
0.144152
0.133676
0.125496
0.125837
0.126156
0.120788
0.115460
0.113423
0.112898
0.112706
0.111165
0.108850
0.108515
0.106304
0.093961
0.076814
0.069248
0.076442
0.084066
0.082300
0.081660
0.089788
0.106863
0.127604
0.146763
0.166827
0.188530
0.211182
0.236648
0.263405
0.292690
0.327663
0.365890
0.409431
0.454552
0.491570
0.522665
0.541614
0.544088
0.541430
0.537281
0.529595
0.521323
0.514191
0.507987
0.500844
0.498334
0.501492
0.499722
0.500642
0.509287
0.510487
0.497797
0.481349
0.468584
0.456162
0.443657
0.439084
0.437993
0.428044
0.418306
0.409367
0.389549
0.362632
0.333844
0.306958
0.287409
0.269244
0.245692
0.225794
0.209168
0.184847
0.156176
0.125044
0.091250
0.060626
0.031578
0.002258
-0.020224
-0.037171
-0.051959
-0.059366
-0.065041
-0.074172
-0.080905
-0.087668
-0.098758
-0.104917
-0.105149
-0.109084
-0.117112
-0.124390
-0.121977
-0.114435
-0.117593
-0.126864
-0.132236
-0.133819
-0.132171
-0.124889
-0.102090
-0.050088
0.034277
0.146066
0.273936
0.397440
0.483290
0.527924
0.566074
0.599155
0.607204
0.598985
0.591569
0.579391
0.555212
0.520391
0.477001
0.427985
0.376679
0.326091
0.273905
0.221184
0.171577
0.125762
0.084759
0.047247
0.012886
-0.012813
-0.032241
-0.050764
-0.065549
-0.075566
-0.081627
-0.087817
-0.097327
-0.104504
-0.104809
-0.089348
-0.054152
0.021257
0.162401
0.319702
0.435891
0.512010
0.555040
0.565051
0.554107
0.539932
0.529518
0.506513
0.457504
0.391574
0.321957
0.256851
0.193783
0.136633
0.091355
0.054374
0.020477
-0.008842
-0.030146
-0.046011
-0.059828
-0.073627
-0.080186
-0.062864
-0.004816
0.092832
0.207245
0.327160
0.441981
0.511135
0.528668
0.522340
0.506486
0.483776
0.436034
0.364322
0.288567
0.218403
0.160058
0.113955
0.072739
0.035989
0.009275
-0.013662
-0.037332
-0.052558
-0.049737
-0.013473
0.075873
0.198841
0.316463
0.413590
0.479373
0.508217
0.511792
0.492285
0.448617
0.387477
0.312689
0.242937
0.183824
0.127073
0.079761
0.040867
0.009346
-0.010747
-0.021729
-0.011719
0.041507
0.130942
0.228467
0.325391
0.416904
0.470839
0.475226
0.451889
0.407096
0.345940
0.279295
0.213133
0.154391
0.104502
0.060807
0.026539
0.005198
0.001879
0.031673
0.090295
0.169769
0.268222
0.363199
0.427798
0.453173
0.448463
0.410769
0.344153
0.270399
0.203155
0.146116
0.095133
0.050899
0.018727
0.002123
0.009247
0.062104
0.153946
0.260474
0.368712
0.438116
0.450324
0.422774
0.371712
0.310382
0.245409
0.182106
0.121345
0.074142
0.047938
0.035496
0.041307
0.088924
0.182506
0.284244
0.356445
0.401203
0.425372
0.404355
0.345057
0.279236
0.212728
0.152117
0.105230
0.068347
0.041891
0.043316
0.085774
0.169639
0.270888
0.343653
0.382409
0.390312
0.354538
0.294235
0.230622
0.170309
0.119647
0.079837
0.053614
0.056954
0.097099
0.163720
0.255730
0.345507
0.387020
0.377393
0.341858
0.295135
0.237489
0.174801
0.118623
0.076761
0.060857
0.083644
0.140586
0.220719
0.308199
0.363903
0.367131
0.335424
0.286129
0.225595
0.162416
0.111309
0.074549
0.059509
0.086482
0.151007
0.232873
0.308594
0.351530
0.347673
0.304701
0.243592
0.182329
0.130301
0.087165
0.061613
0.075819
0.129331
0.206388
0.286315
0.331594
0.327206
0.290893
0.244868
0.195812
0.142958
0.097749
0.074802
0.088878
0.146557
0.229796
0.296922
0.328827
0.331849
0.301036
0.248017
0.191356
0.140773
0.109014
0.102816
0.135527
0.203828
0.270381
0.313967
0.326979
0.298762
0.243686
0.183986
0.129969
0.093223
0.086874
0.113602
0.177296
0.259904
0.313586
0.324158
0.298138
0.247670
0.195934
0.151894
0.122450
0.117032
0.154057
0.232187
0.302318
0.331159
0.312896
0.256854
0.198023
0.152257
0.115588
0.101655
0.128544
0.191264
0.261222
0.306856
0.311712
0.282719
0.234498
0.177269
0.130853
0.113114
0.132482
0.184468
0.244820
0.293726
0.307147
0.279374
0.234157
0.185253
0.142344
0.118954
0.134702
0.190375
0.258340
0.309178
0.317199
0.279729
0.221812
0.166917
0.130089
0.122500
0.151724
0.217704
0.283953
0.303921
0.278798
0.234480
0.185125
0.140688
0.121121
0.142862
0.198257
0.257082
0.290518
0.282746
0.238574
0.184183
0.138631
0.111589
0.112303
0.151105
0.215254
0.264227
0.269815
0.233537
0.187694
0.152132
0.130924
0.139936
0.181162
0.241011
0.286323
0.285957
0.250573
0.203088
0.158196
0.134788
0.143451
0.187325
0.245995
0.274242
0.261618
0.222406
0.175606
0.141557
0.129492
0.150097
0.196422
0.242520
0.263588
0.245023
0.200840
0.161478
0.146189
0.164252
0.207633
0.256562
0.285228
0.269612
0.229216
0.195088
0.170367
0.167593
0.198736
0.245776
0.278662
0.277958
0.246541
0.200890
0.161323
0.152901
0.179005
0.221256
0.257594
0.262043
0.235342
0.193076
0.155029
0.149959
0.177866
0.217848
0.253215
0.263243
0.233708
0.188038
0.160093
0.165361
0.202960
0.250648
0.278897
0.272482
0.237040
0.186012
0.136997
0.101460
0.073777
0.047875
0.026080
0.010128
-0.002658
-0.012815
-0.016442
-0.018098
-0.024194
-0.027040
-0.024049
-0.022552
-0.026832
-0.033526
-0.035925
-0.034592
-0.033370
-0.030547
-0.024314
-0.022126
-0.026413
-0.029399
-0.027987
-0.023793
-0.018754
-0.012606
-0.008083
-0.007426
-0.008573
-0.012058
-0.012911
-0.001665
0.013077
0.014454
0.007848
0.003216
-0.000918
-0.003520
0.001681
0.015163
0.023532
0.024128
0.026185
0.024223
0.019205
0.022211
0.027599
0.028320
0.026556
0.027602
0.032362
0.034431
0.036311
0.037718
0.036990
0.038543
0.039019
0.038824
0.039640
0.035301
0.030643
0.031864
0.029126
0.023163
0.022390
0.022660
0.024901
0.026746
0.020104
0.010479
0.008992
0.012274
0.012829
0.015324
0.016753
0.014089
0.015036
0.020911
0.023849
0.020552
0.014555
0.010425
0.011732
0.016663
0.025352
0.033243
0.035678
0.040026
0.045544
0.046798
0.046959
0.049665
0.057599
0.067480
0.069695
0.063163
0.059782
0.064816
0.066349
0.066155
0.072928
0.078837
0.076876
0.072240
0.070613
0.067690
0.060439
0.053059
0.047850
0.045814
0.048494
0.051965
0.053079
0.053048
0.053676
0.053753
0.051536
0.050498
0.050285
0.046502
0.040167
0.035374
0.035060
0.035456
0.031593
0.025933
0.024922
0.029493
0.032429
0.033391
0.033361
0.033146
0.040535
0.047395
0.041333
0.032336
0.033578
0.039545
0.038406
0.034543
0.034787
0.036093
0.038904
0.039770
0.034209
0.030480
0.033639
0.039229
0.038587
0.031053
0.028867
0.034626
0.043282
0.049919
0.052306
0.058492
0.070027
0.082707
0.099767
0.118655
0.136675
0.155986
0.174175
0.186975
0.192282
0.187434
0.170369
0.153360
0.149436
0.144653
0.125170
0.105098
0.090540
0.072610
0.050836
0.029347
0.011658
0.002763
-0.000758
-0.005905
-0.006566
-0.001756
-0.002171
-0.007776
-0.008958
-0.001287
0.017194
0.043645
0.066021
0.079471
0.093288
0.110173
0.129848
0.156724
0.188411
0.213875
0.221055
0.214324
0.204214
0.187606
0.162743
0.138337
0.115160
0.090453
0.064037
0.040205
0.025140
0.016256
0.007411
-0.005893
-0.015054
-0.015926
-0.017165
-0.013286
0.002635
0.020011
0.037075
0.066602
0.110342
0.154122
0.187021
0.213304
0.239017
0.263702
0.285183
0.298719
0.300964
0.295431
0.286630
0.276494
0.253771
0.218460
0.184920
0.153011
0.123339
0.094763
0.065992
0.040140
0.018668
0.003241
-0.004637
-0.008772
-0.011290
-0.011140
-0.011183
-0.007980
-0.000173
0.020192
0.063118
0.114389
0.161448
0.199073
0.231617
0.273320
0.319793
0.368709
0.401844
0.399520
0.378507
0.348034
0.309563
0.267583
0.224609
0.182431
0.144624
0.114007
0.082797
0.051039
0.031298
0.018020
0.000733
-0.012737
-0.015955
-0.016553
-0.019588
-0.020034
-0.012221
0.011715
0.050865
0.103978
0.172157
0.244160
0.300227
0.348217
0.408679
0.462053
0.481724
0.472367
0.450277
0.413370
0.363493
0.308545
0.252707
0.204125
0.164161
0.131513
0.102593
0.072709
0.045539
0.025199
0.009444
-0.004095
-0.015715
-0.023250
-0.024202
-0.020860
-0.016832
-0.007568
0.013418
0.058429
0.139237
0.238954
0.321751
0.380573
0.427887
0.464689
0.492090
0.510580
0.515987
0.497043
0.459508
0.417331
0.368746
0.314533
0.259054
0.207181
0.161262
0.119864
0.083635
0.054051
0.032823
0.020649
0.009363
-0.003001
-0.012533
-0.016877
-0.014387
-0.006807
0.005547
0.031750
0.079983
0.146789
0.237000
0.338985
0.414128
0.449460
0.471213
0.487730
0.487569
0.475534
0.452280
0.407433
0.347950
0.293806
0.244650
0.197382
0.158821
0.127956
0.096916
0.064776
0.038912
0.020467
0.005454
-0.005581
-0.012016
-0.015815
-0.018991
-0.018991
-0.012185
0.005058
0.044231
0.110875
0.203924
0.308403
0.389954
0.444162
0.494388
0.523179
0.523838
0.521111
0.505601
0.471325
0.426507
0.374697
0.324297
0.275625
0.223911
0.176538
0.135804
0.099906
0.070276
0.047145
0.031934
0.016167
-0.003375
-0.017416
-0.021855
-0.018130
-0.008235
0.004810
0.036898
0.099964
0.176535
0.256814
0.341481
0.417693
0.472062
0.500855
0.512659
0.518534
0.509827
0.488965
0.464256
0.431073
0.386823
0.332581
0.277295
0.227668
0.180635
0.136863
0.102731
0.076314
0.054809
0.038619
0.025193
0.012253
-0.003621
-0.019090
-0.022434
-0.011915
0.009048
0.036517
0.079548
0.154322
0.255042
0.358561
0.444907
0.509952
0.546163
0.554700
0.549259
0.531846
0.503101
0.469560
0.426173
0.367458
0.302398
0.242374
0.197582
0.158565
0.115303
0.079540
0.056993
0.039677
0.025843
0.015840
0.003466
-0.006352
-0.005868
-0.001387
0.004624
0.017538
0.047823
0.111477
0.205274
0.315670
0.418639
0.490057
0.531217
0.543639
0.536792
0.528138
0.515216
0.497499
0.473101
0.427979
0.366096
0.303514
0.250119
0.202871
0.159303
0.123269
0.094522
0.069836
0.048520
0.033008
0.020271
0.007092
-0.002406
-0.007153
-0.004004
0.015585
0.047576
0.090734
0.160729
0.266788
0.381923
0.479630
0.551294
0.583492
0.576687
0.554921
0.540121
0.519711
0.484782
0.448537
0.412803
0.363393
0.300175
0.241882
0.195484
0.154736
0.115658
0.085570
0.066693
0.048675
0.029837
0.015120
0.004571
0.003055
0.008247
0.012307
0.027776
0.074533
0.148166
0.241450
0.345456
0.435702
0.507308
0.568568
0.606893
0.611361
0.596074
0.571913
0.542784
0.505447
0.459888
0.411507
0.359440
0.307671
0.257856
0.210281
0.169217
0.137251
0.108623
0.078643
0.052385
0.032765
0.020663
0.013087
0.004854
0.000718
0.006437
0.030971
0.076284
0.145035
0.235742
0.328254
0.415708
0.492234
0.548688
0.578198
0.587589
0.589569
0.577042
0.547558
0.508292
0.462164
0.409183
0.349711
0.290959
0.242528
0.200015
0.156607
0.117497
0.089477
0.069000
0.049800
0.031680
0.018962
0.012937
0.012753
0.020946
0.042926
0.080042
0.138828
0.227488
0.328195
0.428024
0.516154
0.573699
0.606422
0.622816
0.622189
0.611671
0.591386
0.552933
0.498648
0.442669
0.390766
0.336687
0.284423
0.233464
0.184979
0.149006
0.119192
0.090237
0.068385
0.053007
0.040173
0.032657
0.028882
0.022625
0.017032
0.021923
0.042565
0.069531
0.086732
0.100241
0.118579
0.138822
0.162287
0.180150
0.185414
0.186457
0.185158
0.178418
0.176228
0.179100
0.177245
0.173482
0.171314
0.172414
0.170144
0.159513
0.152999
0.153802
0.154143
0.149489
0.142641
0.135543
0.124295
0.115054
0.110665
0.110388
0.113755
0.115232
0.113708
0.108717
0.102152
0.095968
0.088454
0.084445
0.092016
0.103603
0.108455
0.107956
0.101374
0.089095
0.080240
0.080011
0.085589
0.093504
0.099339
0.098945
0.092361
0.089145
0.095140
0.101607
0.109161
0.118177
0.118589
0.112491
0.107064
0.104258
0.108976
0.121314
0.129281
0.132158
0.138625
0.142205
0.139557
0.140697
0.139707
0.128138
0.120045
0.124489
0.129606
0.126445
0.118871
0.113455
0.110818
0.104895
0.098790
0.101575
0.107287
0.104807
0.099139
0.097705
0.097979
0.098391
0.102795
0.112233
0.117597
0.116884
0.115379
0.109172
0.101911
0.107641
0.124465
0.133719
0.128562
0.119340
0.117245
0.123054
0.131685
0.138886
0.135163
0.123337
0.115831
0.112087
0.115693
0.129369
0.143114
0.154866
0.166094
0.171284
0.169048
0.163508
0.160101
0.159787
0.159002
0.161868
0.169591
0.171632
0.165287
0.160602
0.158503
0.151226
0.141365
0.136925
0.137341
0.130021
0.111070
0.091846
0.078412
0.066212
0.053209
0.046105
0.044608
0.039164
0.031363
0.027640
0.023171
0.014355
0.008673
0.009075
0.011224
0.013151
0.008905
0.002964
0.005526
0.007406
0.002952
0.001896
0.007447
0.010111
0.005554
0.000309
-0.003712
-0.004890
-0.000848
0.003318
0.004526
0.002930
-0.001608
-0.004802
-0.003087
0.000784
0.003841
0.004403
0.003819
0.006979
0.010102
0.006524
0.001942
0.002642
0.007386
0.010810
0.007001
0.002367
0.005140
0.009273
0.009953
0.008114
0.004146
0.001072
-0.000023
0.001468
0.004916
0.005725
0.005493
0.005198
0.003345
0.003353
0.005637
0.005621
0.000650
-0.003077
-0.000030
0.004242
0.005674
0.004895
0.001210
-0.000880
0.003416
0.006270
0.002551
-0.001075
-0.001690
0.000346
0.002297
0.004106
0.008303
0.009565
0.008672
0.009867
0.010183
0.008459
0.007503
0.009301
0.010944
0.010114
0.008643
0.007532
0.008679
0.012685
0.014069
0.011026
0.009359
0.011949
0.013644
0.010543
0.007615
0.006998
0.006348
0.006015
0.008447
0.010897
0.006617
0.002083
0.004503
0.008312
0.009501
0.009915
0.009490
0.008854
0.012856
0.018364
0.020648
0.019027
0.015651
0.018168
0.025408
0.029224
0.028306
0.028576
0.030429
0.027903
0.024289
0.025197
0.026744
0.026341
0.024434
0.020506
0.018724
0.020116
0.018270
0.014516
0.015459
0.017697
0.017985
0.020230
0.020579
0.016083
0.012319
0.011184
0.012206
0.011918
0.008696
0.007854
0.011130
0.014860
0.017769
0.019802
0.018202
0.018380
0.023228
0.021335
0.015494
0.015851
0.018793
0.020297
0.019505
0.017107
0.015328
0.012941
0.009377
0.010397
0.013748
0.010513
0.006468
0.010985
0.015148
0.014783
0.007946
0.012894
0.012573
0.025026
0.005228
