0.055626
-0.008583
0.006119
0.002717
0.008887
0.003121
0.001719
-0.004738
-0.006683
-0.004678
-0.000530
-0.000795
-0.004123
-0.002556
-0.000756
-0.004118
-0.006438
-0.006172
-0.002969
0.002298
0.006447
0.007888
0.007605
0.012032
0.017048
0.017504
0.020159
0.024532
0.024819
0.018517
0.011367
0.011723
0.017004
0.021315
0.018826
0.010977
0.005233
0.004822
0.009533
0.011867
0.009026
0.005784
0.005481
0.007595
0.008466
0.012903
0.021884
0.023763
0.018168
0.013484
0.011628
0.009005
0.001981
-0.003445
-0.003470
-0.002653
-0.000298
0.003444
0.004305
0.005038
0.007761
0.009843
0.013756
0.020076
0.021595
0.015281
0.009280
0.006981
0.005721
0.005690
0.003012
-0.000439
0.003342
0.008889
0.007384
0.003149
0.005507
0.016228
0.025399
0.029575
0.033239
0.030367
0.022336
0.018581
0.014471
0.005932
-0.001343
-0.006520
-0.007446
-0.002402
0.000708
-0.000095
0.000317
0.006800
0.016972
0.019187
0.013422
0.011930
0.015353
0.013145
0.004753
-0.001451
-0.003696
-0.002249
0.001594
-0.001262
-0.011057
-0.015564
-0.014061
-0.011145
-0.002259
0.006148
0.002907
-0.002732
-0.003592
0.001459
0.013432
0.020307
0.017173
0.011498
0.009470
0.012328
0.014367
0.018074
0.029834
0.035227
0.028661
0.023846
0.021481
0.018450
0.016439
0.038289
0.131823
0.302620
0.513790
0.709101
0.835839
0.896820
0.908689
0.875700
0.819293
0.764428
0.724952
0.700045
0.666561
0.627363
0.606122
0.596508
0.577298
0.549020
0.537575
0.539044
0.533178
0.522925
0.510592
0.492895
0.476757
0.472711
0.474174
0.474167
0.468225
0.454306
0.439890
0.425480
0.417926
0.422486
0.431473
0.431149
0.417505
0.405767
0.407595
0.422368
0.437394
0.443800
0.440781
0.427161
0.411321
0.402800
0.404646
0.411393
0.417186
0.422869
0.421825
0.408982
0.395955
0.389020
0.383556
0.383174
0.383813
0.383903
0.384756
0.381131
0.385072
0.394918
0.397365
0.396732
0.389927
0.383228
0.388923
0.398540
0.399107
0.388852
0.381137
0.379107
0.379663
0.382307
0.383640
0.382914
0.380912
0.382775
0.383457
0.377574
0.370041
0.361565
0.349347
0.340292
0.343009
0.346956
0.345778
0.344154
0.344362
0.345404
0.343580
0.341777
0.340139
0.334940
0.328718
0.325605
0.326093
0.324818
0.323028
0.329003
0.334148
0.333392
0.331383
0.323639
0.318399
0.324160
0.330103
0.330260
0.327335
0.320392
0.310825
0.303843
0.304119
0.307330
0.304678
0.299805
0.295640
0.293134
0.294062
0.290375
0.280281
0.273721
0.272992
0.272409
0.274074
0.276789
0.276571
0.279686
0.288291
0.295386
0.294112
0.288030
0.283330
0.283593
0.293173
0.306479
0.318917
0.325735
0.316319
0.298400
0.291718
0.298308
0.303118
0.297949
0.291565
0.294160
0.300094
0.299579
0.298932
0.299494
0.295077
0.292405
0.293120
0.291585
0.286611
0.281547
0.280159
0.281368
0.284920
0.290806
0.287779
0.271007
0.257283
0.254264
0.254392
0.255036
0.254545
0.248082
0.240510
0.242161
0.254356
0.269762
0.276971
0.275355
0.270741
0.266023
0.264862
0.262595
0.256748
0.256856
0.264110
0.269703
0.265236
0.251563
0.245097
0.251630
0.258208
0.256726
0.244744
0.223324
0.196174
0.167528
0.140807
0.112454
0.081659
0.059641
0.045438
0.028790
0.012960
-0.000778
-0.015719
-0.028587
-0.035491
-0.039785
-0.046413
-0.053092
-0.055070
-0.056939
-0.061828
-0.063428
-0.062183
-0.062674
-0.065873
-0.069678
-0.072918
-0.077990
-0.079730
-0.073832
-0.067873
-0.068204
-0.070158
-0.065239
-0.056600
-0.053694
-0.058705
-0.065585
-0.061929
-0.051330
-0.045941
-0.045981
-0.048343
-0.045518
-0.037608
-0.032871
-0.033219
-0.038042
-0.043223
-0.043043
-0.034537
-0.026253
-0.031360
-0.041651
-0.044047
-0.038573
-0.033895
-0.038071
-0.043653
-0.041037
-0.038276
-0.043604
-0.051468
-0.057120
-0.055640
-0.048623
-0.045838
-0.046976
-0.050602
-0.054769
-0.057214
-0.063961
-0.072540
-0.072449
-0.069458
-0.073089
-0.076653
-0.078425
-0.078957
-0.075212
-0.070246
-0.065828
-0.066823
-0.071821
-0.072986
-0.072511
-0.070752
-0.066181
-0.062627
-0.059144
-0.058266
-0.062844
-0.065176
-0.062121
-0.059179
-0.061480
-0.063135
-0.060175
-0.060628
-0.061395
-0.058288
-0.056563
-0.055125
-0.053286
-0.052981
-0.053112
-0.051690
-0.050887
-0.052847
-0.055277
-0.056101
-0.056097
-0.060174
-0.064814
-0.061993
-0.056229
-0.054187
-0.056762
-0.063021
-0.066382
-0.067276
-0.071378
-0.071102
-0.067130
-0.067892
-0.065426
-0.056066
-0.053250
-0.059527
-0.061955
-0.059667
-0.061439
-0.066908
-0.069190
-0.064859
-0.059816
-0.059538
-0.061354
-0.063408
-0.063785
-0.059826
-0.055491
-0.055485
-0.055166
-0.049959
-0.042794
-0.034778
-0.032035
-0.035697
-0.034092
-0.034627
-0.045452
-0.051793
-0.050079
-0.050018
-0.053838
-0.059365
-0.064805
-0.065570
-0.058190
-0.050934
-0.049670
-0.045917
-0.042028
-0.044386
-0.044094
-0.040304
-0.038760
-0.038451
-0.040253
-0.042283
-0.041382
-0.040941
-0.042729
-0.045853
-0.047907
-0.048513
-0.050560
-0.046910
-0.037908
-0.035970
-0.038127
-0.037411
-0.036138
-0.039134
-0.045034
-0.048298
-0.047055
-0.044812
-0.037378
-0.009473
0.043466
0.121163
0.215855
0.295756
0.341737
0.367746
0.382795
0.385056
0.375701
0.365341
0.370825
0.371553
0.346907
0.318743
0.295181
0.273392
0.257790
0.247484
0.241948
0.238593
0.235476
0.233177
0.229855
0.224258
0.211423
0.193717
0.185284
0.180878
0.170826
0.159721
0.147493
0.134789
0.126932
0.119959
0.109631
0.099923
0.090001
0.085959
0.089163
0.085147
0.075130
0.069968
0.071995
0.076658
0.081265
0.087717
0.093078
0.095667
0.094569
0.094400
0.098650
0.099029
0.097573
0.101025
0.102769
0.095732
0.084016
0.074054
0.070235
0.070963
0.073247
0.079404
0.089939
0.097578
0.099354
0.102192
0.101333
0.090830
0.078128
0.069863
0.068562
0.071116
0.070947
0.071769
0.073208
0.067035
0.056873
0.045608
0.034592
0.031236
0.036208
0.043444
0.045987
0.044303
0.045347
0.045207
0.042672
0.045474
0.050598
0.050025
0.041560
0.031402
0.026753
0.024411
0.024016
0.028498
0.030583
0.026946
0.027052
0.035548
0.042701
0.041480
0.035284
0.030041
0.022580
0.011449
0.006060
0.011104
0.020347
0.023971
0.026459
0.033009
0.036669
0.033029
0.029004
0.031512
0.031526
0.025877
0.026120
0.030371
0.032166
0.035022
0.037619
0.039580
0.038921
0.033063
0.030371
0.034727
0.037193
0.036075
0.041194
0.051062
0.057675
0.061606
0.071341
0.088004
0.104587
0.124385
0.149157
0.171551
0.190857
0.214505
0.242419
0.274179
0.310266
0.345151
0.381754
0.409585
0.413665
0.413167
0.422850
0.436135
0.453794
0.478602
0.503401
0.512272
0.507339
0.502468
0.496530
0.489436
0.487273
0.488825
0.483288
0.471522
0.461381
0.450492
0.437892
0.425529
0.410254
0.391654
0.380256
0.378357
0.376110
0.367743
0.348459
0.320304
0.295746
0.274027
0.249114
0.222663
0.193087
0.165746
0.142304
0.116369
0.088485
0.062858
0.039672
0.018823
0.002471
-0.011139
-0.023228
-0.034878
-0.045214
-0.052923
-0.060933
-0.066953
-0.071199
-0.078191
-0.084315
-0.089493
-0.095587
-0.098865
-0.097723
-0.095446
-0.096702
-0.096545
-0.091186
-0.085632
-0.081305
-0.078246
-0.072156
-0.046292
0.024061
0.130862
0.245711
0.352449
0.445716
0.524503
0.580955
0.618206
0.638415
0.641725
0.629203
0.604860
0.571195
0.525797
0.474913
0.423444
0.374566
0.329126
0.281642
0.232442
0.189443
0.152322
0.118923
0.088801
0.060652
0.037739
0.020972
0.003515
-0.016680
-0.032485
-0.044862
-0.058319
-0.067700
-0.071830
-0.067686
-0.047249
-0.000189
0.071378
0.155926
0.261606
0.377837
0.476461
0.541715
0.572336
0.571772
0.539658
0.493179
0.451014
0.405258
0.346679
0.287840
0.238636
0.195971
0.152633
0.109647
0.076511
0.054489
0.036855
0.017177
-0.004512
-0.019636
-0.028731
-0.034373
-0.024179
0.021474
0.100777
0.188814
0.290353
0.398117
0.474755
0.511558
0.512481
0.481538
0.435217
0.381155
0.316889
0.256239
0.204686
0.158744
0.121970
0.089721
0.057326
0.030087
0.009338
-0.010737
-0.028850
-0.033524
-0.009377
0.047867
0.137522
0.246900
0.358243
0.450870
0.502363
0.511302
0.473811
0.406006
0.340598
0.284276
0.230067
0.177615
0.133403
0.097484
0.066928
0.042768
0.023250
0.004735
-0.000152
0.025743
0.094567
0.198305
0.303882
0.393818
0.451030
0.454182
0.417439
0.367957
0.312235
0.252705
0.194289
0.143971
0.103043
0.066940
0.039262
0.018509
0.009382
0.025668
0.076484
0.154213
0.244607
0.334456
0.395441
0.419031
0.406499
0.362506
0.306215
0.243727
0.184061
0.139447
0.107147
0.078776
0.051945
0.027798
0.022041
0.062230
0.149915
0.251410
0.342162
0.410004
0.426006
0.386171
0.319607
0.254791
0.204624
0.163025
0.122366
0.087157
0.060376
0.034931
0.025973
0.056988
0.131484
0.232415
0.318771
0.367077
0.375043
0.341777
0.280661
0.214489
0.162829
0.122714
0.082953
0.047562
0.025026
0.020016
0.053660
0.142666
0.245431
0.313338
0.336196
0.318046
0.273329
0.220985
0.175262
0.135215
0.095147
0.059996
0.038564
0.044715
0.083677
0.147360
0.224349
0.292790
0.324096
0.310356
0.269324
0.217087
0.164517
0.119297
0.083689
0.057306
0.042965
0.061689
0.123772
0.206052
0.271234
0.300426
0.311080
0.303762
0.267015
0.217053
0.164724
0.113906
0.075810
0.053045
0.055272
0.106978
0.192985
0.270858
0.314370
0.312803
0.275578
0.218643
0.160333
0.113512
0.080090
0.061688
0.067585
0.111610
0.174762
0.217399
0.243598
0.261092
0.246484
0.205881
0.161946
0.119671
0.081405
0.058830
0.069696
0.123512
0.200812
0.263305
0.297019
0.295249
0.258206
0.208245
0.158197
0.113778
0.079888
0.072162
0.104738
0.164335
0.221890
0.250361
0.248153
0.222358
0.178283
0.131474
0.091108
0.062254
0.052943
0.081845
0.150080
0.215809
0.258310
0.275294
0.251410
0.196996
0.141149
0.099351
0.073026
0.071988
0.109615
0.165764
0.210207
0.233896
0.229961
0.194805
0.144046
0.099726
0.070619
0.065729
0.093971
0.144177
0.193463
0.221442
0.224908
0.206892
0.168640
0.124744
0.090215
0.077114
0.099707
0.147747
0.188537
0.203585
0.197099
0.178960
0.148785
0.113309
0.083693
0.065457
0.075964
0.118763
0.168660
0.200951
0.206423
0.181808
0.136729
0.096539
0.072544
0.066792
0.087634
0.129287
0.173702
0.199702
0.191753
0.158942
0.117725
0.084335
0.077803
0.102134
0.144804
0.179564
0.185421
0.172041
0.153241
0.125730
0.093786
0.076739
0.082893
0.106487
0.138701
0.166857
0.178860
0.163807
0.126942
0.090063
0.073684
0.090046
0.128575
0.166065
0.185753
0.183123
0.160575
0.126072
0.095564
0.076789
0.082863
0.119834
0.150866
0.150311
0.131569
0.105208
0.078842
0.061038
0.066583
0.105143
0.154820
0.188925
0.190277
0.162892
0.130906
0.107025
0.101319
0.121149
0.155457
0.181618
0.179170
0.153939
0.122523
0.089444
0.074120
0.083998
0.103284
0.125858
0.146669
0.160662
0.162649
0.144598
0.114598
0.105857
0.130511
0.160517
0.175501
0.170946
0.143092
0.108808
0.092076
0.099296
0.130307
0.169415
0.187013
0.174673
0.147273
0.115009
0.089728
0.089562
0.111477
0.131474
0.129606
0.107779
0.082358
0.061686
0.043759
0.027299
0.015008
0.005206
-0.003822
-0.012729
-0.025182
-0.034062
-0.034745
-0.034650
-0.034655
-0.035074
-0.038942
-0.044242
-0.049891
-0.053324
-0.050357
-0.043720
-0.038818
-0.037871
-0.039537
-0.041138
-0.041471
-0.037199
-0.031243
-0.030845
-0.029853
-0.023295
-0.019446
-0.022322
-0.027717
-0.031183
-0.031529
-0.028960
-0.025025
-0.024053
-0.025191
-0.023948
-0.021500
-0.020295
-0.015257
-0.009215
-0.007918
-0.003941
0.001640
0.002648
-0.000024
-0.005664
-0.009925
-0.012132
-0.016117
-0.016918
-0.012979
-0.010036
-0.008278
-0.003821
0.003474
0.006496
0.005302
0.005132
0.003651
-0.000631
-0.004310
-0.005881
-0.010639
-0.012375
-0.003525
0.003038
0.003717
0.009548
0.016096
0.016819
0.019287
0.025900
0.030955
0.034009
0.036861
0.037315
0.032841
0.025709
0.020265
0.014427
0.010210
0.011642
0.015629
0.025341
0.039306
0.048474
0.051572
0.046575
0.034312
0.025949
0.021314
0.011362
0.000023
-0.003796
-0.001583
0.004454
0.015016
0.019739
0.014184
0.004413
-0.002415
0.001865
0.013515
0.022217
0.021446
0.014390
0.011290
0.011597
0.009055
0.008522
0.015837
0.023019
0.025140
0.023660
0.017579
0.013263
0.013878
0.016092
0.020470
0.025344
0.026019
0.020455
0.016965
0.021222
0.025086
0.023522
0.021496
0.022050
0.020189
0.016117
0.013599
0.010007
0.006426
0.004045
0.000568
0.000295
0.007940
0.017332
0.019478
0.014316
0.011993
0.022958
0.038370
0.044735
0.042118
0.034092
0.023377
0.012136
0.003762
0.000190
0.000542
0.004193
0.007676
0.009364
0.011244
0.010676
0.008513
0.010366
0.017324
0.026746
0.039422
0.053497
0.061265
0.062873
0.059820
0.055930
0.054815
0.052943
0.047404
0.041342
0.039045
0.039867
0.037535
0.029367
0.025181
0.022218
0.013694
0.003395
-0.003418
-0.007228
-0.013106
-0.015198
-0.009327
-0.004907
-0.004242
0.000338
0.013438
0.034985
0.055972
0.075374
0.098583
0.123771
0.144551
0.156315
0.158936
0.151945
0.140936
0.133073
0.128500
0.114880
0.089358
0.068883
0.061894
0.058517
0.049474
0.037613
0.023589
0.008311
-0.001702
-0.005280
-0.006702
-0.008664
-0.012082
-0.013006
-0.008831
-0.004546
0.002519
0.017850
0.048480
0.089857
0.117459
0.131942
0.147384
0.170660
0.197397
0.216843
0.231356
0.232717
0.215289
0.187429
0.159017
0.144449
0.133638
0.108879
0.084918
0.070363
0.055032
0.040981
0.034258
0.025514
0.012032
0.002441
-0.004154
-0.008716
-0.007485
-0.002997
-0.000351
0.008853
0.032654
0.063539
0.091040
0.118315
0.153312
0.196196
0.236532
0.263157
0.277622
0.279270
0.268273
0.254576
0.241097
0.216847
0.181323
0.145633
0.119781
0.105651
0.091560
0.071399
0.048598
0.029375
0.018630
0.011950
0.004223
-0.000381
0.000826
0.002912
0.007050
0.019575
0.044123
0.084500
0.137972
0.199141
0.256176
0.291945
0.309653
0.327573
0.347068
0.354124
0.345303
0.319102
0.283816
0.253153
0.220364
0.183541
0.151889
0.128088
0.105056
0.078813
0.055154
0.038816
0.028324
0.018187
0.006905
-0.001259
-0.006374
-0.012486
-0.018042
-0.015123
-0.000859
0.030548
0.086381
0.154802
0.225768
0.292720
0.350001
0.394293
0.416253
0.415524
0.403155
0.383031
0.351866
0.316827
0.280418
0.240435
0.200443
0.162671
0.128362
0.098074
0.074102
0.056605
0.042131
0.029639
0.018471
0.009284
0.003160
-0.002240
-0.008234
-0.012019
-0.005286
0.020870
0.069003
0.123613
0.173660
0.230625
0.294736
0.349146
0.389106
0.415325
0.424422
0.418214
0.406936
0.386111
0.340078
0.287173
0.244086
0.207170
0.170962
0.134598
0.103950
0.079291
0.060170
0.044353
0.032682
0.025306
0.014371
0.000756
-0.006297
-0.006251
-0.004746
0.001797
0.026842
0.076597
0.154250
0.240941
0.306540
0.353872
0.391855
0.418178
0.431708
0.435185
0.427781
0.413424
0.388307
0.342729
0.294048
0.255709
0.219988
0.184075
0.153515
0.124681
0.095046
0.075095
0.062303
0.046314
0.028734
0.014908
0.004490
-0.002206
-0.001493
0.005584
0.027542
0.069203
0.123816
0.189581
0.263968
0.348987
0.429306
0.478711
0.496499
0.493358
0.479023
0.460677
0.433931
0.394900
0.347564
0.294643
0.242055
0.195895
0.158339
0.127417
0.100417
0.077454
0.060091
0.044355
0.026848
0.014477
0.006193
-0.002433
-0.005752
-0.002197
0.007983
0.036353
0.093156
0.171428
0.251843
0.317670
0.362475
0.403467
0.452100
0.485508
0.491829
0.481711
0.461670
0.428258
0.378029
0.319346
0.269139
0.229210
0.189591
0.153746
0.126827
0.100952
0.074028
0.052794
0.038321
0.028997
0.023743
0.017798
0.008754
0.001291
0.000126
0.011178
0.045073
0.099018
0.154689
0.213324
0.278883
0.352845
0.435665
0.500856
0.527646
0.521247
0.495725
0.460588
0.417415
0.371278
0.325114
0.276466
0.231752
0.193387
0.156766
0.121277
0.091794
0.070469
0.054470
0.042397
0.031661
0.020715
0.010470
0.001328
-0.002074
0.005223
0.020645
0.050746
0.105526
0.188764
0.284458
0.368549
0.441867
0.502671
0.536178
0.536312
0.519705
0.506489
0.485186
0.439042
0.381531
0.326504
0.270707
0.220676
0.184066
0.152276
0.120869
0.093310
0.070882
0.053978
0.042286
0.032332
0.021144
0.011215
0.005956
0.003358
0.009544
0.045035
0.104524
0.170091
0.244056
0.325223
0.409668
0.481278
0.519482
0.528127
0.522290
0.511770
0.494463
0.464829
0.424429
0.377901
0.326001
0.273502
0.226454
0.183542
0.144854
0.116528
0.093743
0.071813
0.057983
0.047377
0.033309
0.022928
0.018746
0.014864
0.012998
0.019775
0.042286
0.092286
0.180428
0.284370
0.376230
0.460425
0.525365
0.558135
0.576931
0.582782
0.562440
0.517487
0.457554
0.397699
0.341279
0.287694
0.241487
0.200686
0.166718
0.139060
0.113366
0.092509
0.072260
0.050665
0.037161
0.032058
0.026568
0.017895
0.010682
0.009144
0.020211
0.057761
0.126796
0.209140
0.299154
0.391811
0.467154
0.522051
0.554426
0.561811
0.555301
0.538036
0.502180
0.452071
0.396364
0.341268
0.291408
0.243708
0.197055
0.159689
0.131336
0.107518
0.087934
0.068109
0.049068
0.035105
0.026025
0.019370
0.012880
0.008767
0.006809
0.005455
0.010792
0.028119
0.053078
0.067317
0.063983
0.054640
0.047626
0.045397
0.043871
0.042600
0.042078
0.040247
0.038636
0.038270
0.042020
0.051189
0.054365
0.044126
0.034012
0.030170
0.026115
0.022590
0.020497
0.018973
0.017731
0.020632
0.029249
0.037387
0.040478
0.037921
0.035539
0.034518
0.029024
0.023500
0.025701
0.036397
0.045287
0.043673
0.038674
0.032175
0.024921
0.018873
0.014215
0.016478
0.020457
0.020504
0.022090
0.025637
0.026679
0.024422
0.020160
0.018245
0.020344
0.018554
0.014483
0.015112
0.016609
0.022071
0.033461
0.040652
0.043510
0.047202
0.048930
0.048980
0.053567
0.056535
0.049517
0.042360
0.039522
0.036382
0.035047
0.039842
0.050297
0.056463
0.054899
0.059555
0.072566
0.081481
0.081673
0.073478
0.060948
0.052649
0.050782
0.049868
0.048044
0.052202
0.060361
0.064649
0.064151
0.059014
0.052362
0.045650
0.042420
0.041484
0.036722
0.032698
0.031854
0.031967
0.031149
0.026733
0.024581
0.031683
0.043644
0.056650
0.067136
0.069778
0.065107
0.053366
0.042051
0.037577
0.036605
0.044252
0.057242
0.059326
0.053940
0.050428
0.048127
0.046246
0.044280
0.043573
0.045292
0.048186
0.047133
0.043569
0.044763
0.047793
0.045753
0.039337
0.033633
0.030263
0.028352
0.026506
0.023211
0.018658
0.015227
0.012498
0.008015
0.003765
0.002355
0.001279
-0.000000
0.001478
0.001445
-0.002354
-0.004026
-0.000452
0.006797
0.014614
0.020109
0.021710
0.022102
0.021443
0.019890
0.019517
0.017018
0.015067
0.013876
0.009852
0.007319
0.005790
0.006236
0.010631
0.010092
0.005604
0.004379
0.002673
-0.000429
-0.001467
-0.000591
-0.000130
0.000166
0.003498
0.005861
0.003614
0.004008
0.007907
0.007945
0.003981
0.002662
0.006203
0.010089
0.012122
0.010654
0.008411
0.009820
0.010262
0.008898
0.009169
0.010077
0.011635
0.017348
0.022856
0.022119
0.020407
0.021720
0.027364
0.038481
0.045602
0.042313
0.040710
0.045907
0.047160
0.039790
0.032966
0.030805
0.028426
0.027760
0.028069
0.026636
0.025313
0.025252
0.026587
0.027697
0.027847
0.025825
0.022087
0.019477
0.019578
0.023307
0.025618
0.023372
0.019055
0.016169
0.018107
0.018117
0.012125
0.007271
0.007178
0.008286
0.008646
0.011118
0.012691
0.012810
0.018510
0.025622
0.027955
0.027568
0.024772
0.023032
0.024345
0.025994
0.025222
0.020621
0.018076
0.017800
0.013482
0.009461
0.008897
0.007160
0.005603
0.006553
0.006485
0.008085
0.014875
0.022687
0.030536
0.036182
0.036383
0.031474
0.024394
0.021247
0.020951
0.019059
0.017600
0.015235
0.009831
0.008214
0.011678
0.014927
0.017784
0.020031
0.021729
0.025095
0.027957
0.025404
0.021629
0.022261
0.021550
0.018889
0.020707
0.025026
0.026984
0.026285
0.023840
0.020368
0.019035
0.019443
0.018979
0.020143
0.019287
0.015034
0.013591
0.014045
0.015868
0.022691
0.025986
0.022102
0.015088
0.017465
0.017704
0.029512
0.018394
