0.054167
0.007480
0.021824
0.010577
0.006112
0.001356
0.006019
0.008027
0.012470
0.015593
0.015949
0.013914
0.012349
0.012600
0.011862
0.009444
0.008133
0.007287
0.004404
0.003123
0.006466
0.007639
0.006807
0.009379
0.008192
0.001721
0.000008
0.004914
0.008559
0.005181
-0.000232
0.000768
0.005858
0.009360
0.010198
0.008320
0.005568
0.003919
0.004646
0.007587
0.008094
0.006666
0.009947
0.015496
0.017706
0.016699
0.015175
0.013874
0.012208
0.011100
0.009544
0.007549
0.006616
0.006641
0.007160
0.006419
0.007040
0.010448
0.011136
0.010292
0.011937
0.016096
0.019525
0.018313
0.015630
0.013736
0.013622
0.018691
0.021782
0.017087
0.010744
0.007169
0.006218
0.007893
0.010984
0.011264
0.009178
0.008929
0.010838
0.010720
0.008721
0.009517
0.010774
0.009263
0.008008
0.010087
0.013076
0.011540
0.007158
0.007409
0.010518
0.010160
0.008732
0.007941
0.007394
0.007849
0.009369
0.014517
0.019775
0.018126
0.012676
0.012491
0.016910
0.016537
0.012570
0.012253
0.014079
0.015055
0.013839
0.012789
0.015417
0.016226
0.012616
0.009511
0.008490
0.007350
0.003347
0.000161
0.002070
0.004262
0.005417
0.006493
0.004307
-0.000200
-0.000841
0.004993
0.009887
0.009335
0.005064
0.002506
0.029306
0.145615
0.386093
0.655820
0.814960
0.853838
0.834433
0.794773
0.748950
0.697616
0.648756
0.608239
0.573446
0.542030
0.513433
0.489296
0.473198
0.467094
0.465395
0.457909
0.444606
0.430251
0.415354
0.403413
0.398579
0.402293
0.407954
0.406805
0.401005
0.394306
0.386179
0.379706
0.380499
0.383507
0.377870
0.373486
0.378381
0.378625
0.371999
0.365433
0.360303
0.359025
0.361594
0.366212
0.367920
0.363433
0.361861
0.365186
0.363586
0.354628
0.344842
0.338089
0.334309
0.335213
0.338219
0.338958
0.337755
0.336454
0.334907
0.333103
0.328614
0.325082
0.327037
0.326844
0.323959
0.324111
0.325343
0.322420
0.317243
0.315812
0.315411
0.314499
0.318870
0.324335
0.324082
0.320425
0.315767
0.311606
0.309518
0.310436
0.309061
0.305994
0.307266
0.307322
0.304564
0.303627
0.302751
0.299969
0.293597
0.284671
0.283522
0.285971
0.280125
0.273719
0.272902
0.269750
0.264228
0.260379
0.256112
0.255008
0.257080
0.265779
0.276971
0.274528
0.265578
0.261028
0.261553
0.267710
0.276881
0.285267
0.287277
0.281596
0.277660
0.277271
0.271423
0.261259
0.258042
0.260459
0.258171
0.254209
0.253394
0.253244
0.253910
0.258359
0.260947
0.255053
0.248963
0.250470
0.252949
0.251926
0.251303
0.251032
0.249065
0.246706
0.243903
0.237132
0.227891
0.224095
0.230157
0.239339
0.245811
0.249694
0.246615
0.240314
0.240836
0.242712
0.237139
0.232263
0.235105
0.237627
0.234784
0.231728
0.232079
0.229722
0.222629
0.219168
0.219528
0.218572
0.215188
0.210536
0.207627
0.207523
0.211345
0.216569
0.219533
0.221304
0.224799
0.229835
0.225647
0.216523
0.215099
0.215061
0.213836
0.214232
0.218174
0.225723
0.228168
0.222503
0.216683
0.214575
0.212876
0.212459
0.215179
0.215430
0.212546
0.210614
0.207019
0.205114
0.209296
0.208962
0.193554
0.167447
0.136946
0.105264
0.077685
0.056347
0.036781
0.011508
-0.013723
-0.029484
-0.038587
-0.047356
-0.058352
-0.068691
-0.077269
-0.084910
-0.090102
-0.094538
-0.100409
-0.105285
-0.107777
-0.110384
-0.112694
-0.111465
-0.110873
-0.112568
-0.113115
-0.111589
-0.106313
-0.103593
-0.107201
-0.108364
-0.105688
-0.104337
-0.103698
-0.101807
-0.097573
-0.092803
-0.091189
-0.091505
-0.091723
-0.092720
-0.094371
-0.094237
-0.092993
-0.093064
-0.091428
-0.086609
-0.085836
-0.091427
-0.096117
-0.094611
-0.090102
-0.087675
-0.085749
-0.086186
-0.089033
-0.086320
-0.079338
-0.076826
-0.079286
-0.080892
-0.080925
-0.081628
-0.080229
-0.076112
-0.075150
-0.079541
-0.084870
-0.086108
-0.084306
-0.082073
-0.081282
-0.082318
-0.081369
-0.082004
-0.087544
-0.089247
-0.083402
-0.079302
-0.081729
-0.084859
-0.085968
-0.086997
-0.089546
-0.092103
-0.090400
-0.088697
-0.091043
-0.091220
-0.088183
-0.086740
-0.085066
-0.083388
-0.083897
-0.082916
-0.081161
-0.079862
-0.078592
-0.077584
-0.075501
-0.073792
-0.074878
-0.078038
-0.079640
-0.079806
-0.081280
-0.082415
-0.083292
-0.084205
-0.080994
-0.076268
-0.075725
-0.075753
-0.073749
-0.074535
-0.079449
-0.083538
-0.083380
-0.080709
-0.079404
-0.080620
-0.081602
-0.080201
-0.077876
-0.076606
-0.076147
-0.075113
-0.072024
-0.071868
-0.076617
-0.079403
-0.081201
-0.084020
-0.083024
-0.078916
-0.075672
-0.073478
-0.070797
-0.070061
-0.075843
-0.081056
-0.079071
-0.077245
-0.078749
-0.077599
-0.073508
-0.071406
-0.071178
-0.071191
-0.073162
-0.077353
-0.079772
-0.077582
-0.073577
-0.071292
-0.073148
-0.076607
-0.077891
-0.078370
-0.077397
-0.077264
-0.078765
-0.077526
-0.074718
-0.073718
-0.073683
-0.072738
-0.072130
-0.074265
-0.078294
-0.080184
-0.082052
-0.083700
-0.081064
-0.077853
-0.076949
-0.077726
-0.079528
-0.081989
-0.082837
-0.080317
-0.076975
-0.074689
-0.073233
-0.071505
-0.069753
-0.062277
-0.025410
0.053965
0.157189
0.261291
0.345456
0.391598
0.397627
0.379779
0.363472
0.349769
0.327474
0.305982
0.290062
0.267239
0.235834
0.212935
0.201875
0.192188
0.180694
0.169938
0.165128
0.158989
0.148866
0.146721
0.148488
0.147003
0.150234
0.154117
0.149202
0.142862
0.137932
0.133177
0.130253
0.128746
0.127051
0.124301
0.123932
0.125474
0.125265
0.122034
0.123640
0.132790
0.135193
0.132798
0.135785
0.138182
0.131295
0.119599
0.113541
0.111703
0.108880
0.104339
0.104866
0.110620
0.111423
0.106497
0.103175
0.105976
0.114173
0.122372
0.120492
0.107534
0.097297
0.098758
0.099221
0.092969
0.094131
0.099298
0.095742
0.089646
0.088116
0.088979
0.092390
0.098318
0.107166
0.111629
0.105285
0.097952
0.094734
0.090259
0.086580
0.088489
0.090054
0.087255
0.085483
0.088122
0.089779
0.086682
0.086189
0.092666
0.098564
0.096182
0.087720
0.082221
0.083795
0.087508
0.088771
0.086565
0.086381
0.093872
0.097870
0.091793
0.085944
0.086248
0.085629
0.081998
0.082834
0.086188
0.086140
0.085209
0.087822
0.087023
0.081706
0.081850
0.087240
0.090663
0.090006
0.091753
0.094427
0.092815
0.090833
0.090479
0.089845
0.083275
0.071337
0.064541
0.065614
0.067136
0.069710
0.075250
0.073990
0.068044
0.068207
0.073355
0.082294
0.097792
0.118594
0.144623
0.174289
0.199927
0.219706
0.241669
0.273813
0.315950
0.367241
0.422919
0.464278
0.485414
0.500671
0.510730
0.511077
0.511832
0.515796
0.517017
0.511227
0.493259
0.472924
0.462472
0.458698
0.459698
0.459756
0.449781
0.433934
0.422259
0.416362
0.411977
0.403434
0.386611
0.368597
0.354886
0.339202
0.318082
0.295161
0.273416
0.252990
0.234751
0.216630
0.198021
0.181954
0.163827
0.141890
0.121822
0.102265
0.077626
0.049947
0.026488
0.004393
-0.018996
-0.037126
-0.052021
-0.066939
-0.078447
-0.088501
-0.097873
-0.105186
-0.114997
-0.125190
-0.128983
-0.131921
-0.138892
-0.144740
-0.147679
-0.149519
-0.150077
-0.150156
-0.151264
-0.152926
-0.152155
-0.147583
-0.138472
-0.113883
-0.065119
0.000203
0.085658
0.206061
0.337164
0.444109
0.524948
0.578687
0.607557
0.619436
0.610978
0.585619
0.549873
0.505798
0.457860
0.407290
0.355482
0.302294
0.248390
0.197344
0.148995
0.103727
0.062327
0.025462
-0.003370
-0.023856
-0.041457
-0.059971
-0.080962
-0.098348
-0.105834
-0.110672
-0.117877
-0.126709
-0.135413
-0.138554
-0.132960
-0.109365
-0.043627
0.089432
0.265457
0.418107
0.517629
0.568962
0.583505
0.575684
0.548829
0.505355
0.456589
0.402210
0.337285
0.270061
0.206600
0.149732
0.100364
0.056309
0.017319
-0.016950
-0.045161
-0.065733
-0.080949
-0.095749
-0.111448
-0.121842
-0.115277
-0.071908
0.025270
0.156501
0.288968
0.406486
0.492338
0.537119
0.542662
0.521675
0.483289
0.422771
0.347314
0.270608
0.200767
0.139897
0.085320
0.038670
-0.001280
-0.033540
-0.054483
-0.070394
-0.088090
-0.102449
-0.093352
-0.031157
0.093424
0.244484
0.373265
0.458101
0.503084
0.511123
0.482079
0.428549
0.357629
0.274561
0.197415
0.133677
0.079439
0.036540
0.002938
-0.024789
-0.049003
-0.072173
-0.082947
-0.058441
0.024353
0.164536
0.319807
0.432085
0.482307
0.488660
0.457324
0.392006
0.315985
0.244810
0.175800
0.110265
0.055123
0.014277
-0.018344
-0.047822
-0.066774
-0.062921
-0.018673
0.077811
0.214529
0.348713
0.435677
0.464711
0.444566
0.388446
0.314355
0.238389
0.169701
0.108970
0.054073
0.008945
-0.022296
-0.044488
-0.053174
-0.022365
0.070301
0.207796
0.337360
0.417523
0.436672
0.408298
0.355301
0.286178
0.208809
0.136729
0.078083
0.031831
-0.007563
-0.037782
-0.045423
-0.013490
0.071023
0.197552
0.319685
0.395972
0.412943
0.375786
0.305930
0.225950
0.153763
0.095773
0.046804
0.004189
-0.028411
-0.039043
-0.007444
0.079484
0.200825
0.310016
0.372614
0.382854
0.349227
0.280765
0.197595
0.125730
0.072167
0.027723
-0.009256
-0.026024
-0.005927
0.066235
0.182915
0.300825
0.372048
0.375115
0.325577
0.254530
0.180631
0.113616
0.060267
0.018779
-0.010234
-0.011268
0.035698
0.137088
0.261016
0.351324
0.377557
0.344865
0.276121
0.197432
0.128691
0.074593
0.029199
-0.004544
-0.007520
0.045114
0.151266
0.265163
0.333815
0.338519
0.296901
0.233617
0.163198
0.099121
0.050028
0.016966
0.005300
0.032904
0.118048
0.236321
0.325878
0.347417
0.308213
0.239777
0.169431
0.107936
0.056066
0.016706
0.000405
0.032657
0.122507
0.232471
0.307826
0.316216
0.270475
0.203361
0.136653
0.080953
0.036827
0.013190
0.030751
0.100648
0.202105
0.286536
0.317049
0.288403
0.223431
0.152896
0.091428
0.041468
0.011391
0.022025
0.085122
0.181342
0.268333
0.300597
0.268990
0.205177
0.137282
0.077961
0.033122
0.012819
0.037430
0.120552
0.228123
0.294939
0.296414
0.252092
0.188096
0.121449
0.065106
0.031853
0.035052
0.088563
0.176112
0.249655
0.276398
0.253236
0.199433
0.139666
0.085329
0.049239
0.045981
0.084394
0.159917
0.232252
0.262128
0.246002
0.196189
0.134276
0.079032
0.043287
0.043583
0.091677
0.178939
0.255545
0.271034
0.233534
0.176057
0.116166
0.062834
0.034696
0.056676
0.133401
0.225803
0.268297
0.245849
0.192842
0.132318
0.079268
0.049196
0.055243
0.108473
0.189458
0.242437
0.238155
0.197193
0.145384
0.094783
0.059241
0.054775
0.088836
0.156682
0.220210
0.235306
0.201787
0.146103
0.095222
0.063514
0.059378
0.096478
0.167892
0.228303
0.237345
0.202018
0.149013
0.096263
0.060687
0.060518
0.105505
0.177396
0.225770
0.216835
0.170202
0.116896
0.072826
0.054067
0.073089
0.134115
0.203122
0.224904
0.198098
0.150873
0.099855
0.064890
0.065448
0.105598
0.167024
0.208204
0.200704
0.158141
0.106830
0.064884
0.051443
0.084143
0.149841
0.205673
0.219589
0.188543
0.135648
0.089923
0.070684
0.094801
0.152150
0.199251
0.206325
0.172916
0.122097
0.084036
0.074479
0.101546
0.158903
0.205644
0.206322
0.169995
0.123392
0.088175
0.078307
0.104828
0.161528
0.208620
0.208200
0.166468
0.114139
0.065164
0.023554
-0.006441
-0.029066
-0.048966
-0.065095
-0.071952
-0.071502
-0.071329
-0.071615
-0.070963
-0.067803
-0.065426
-0.067288
-0.070387
-0.071934
-0.070295
-0.067981
-0.065060
-0.060751
-0.058390
-0.056247
-0.054263
-0.051879
-0.048262
-0.047465
-0.046271
-0.043013
-0.042998
-0.043651
-0.040370
-0.038109
-0.039459
-0.041185
-0.042605
-0.042245
-0.040024
-0.037900
-0.036708
-0.036539
-0.036997
-0.038227
-0.037792
-0.034775
-0.032262
-0.033961
-0.038918
-0.039407
-0.035640
-0.035217
-0.035121
-0.028266
-0.022760
-0.024486
-0.025791
-0.023328
-0.020183
-0.020024
-0.019593
-0.016232
-0.013804
-0.013965
-0.015654
-0.019522
-0.023817
-0.023768
-0.020705
-0.015385
-0.009369
-0.010090
-0.012756
-0.010248
-0.011946
-0.018913
-0.021415
-0.020114
-0.019238
-0.019102
-0.018748
-0.017631
-0.017331
-0.019271
-0.019864
-0.015574
-0.010829
-0.012084
-0.014451
-0.011656
-0.007363
-0.005443
-0.008273
-0.011968
-0.010762
-0.009310
-0.010113
-0.011245
-0.013848
-0.016919
-0.018643
-0.017043
-0.012821
-0.010466
-0.011234
-0.012978
-0.013499
-0.008910
-0.001799
-0.003541
-0.010057
-0.013414
-0.017187
-0.019731
-0.020564
-0.021155
-0.019513
-0.016823
-0.017302
-0.021917
-0.024389
-0.019622
-0.012394
-0.010497
-0.012984
-0.012824
-0.007368
0.000926
0.004693
0.001607
-0.000696
-0.002579
-0.002621
-0.001667
-0.005555
-0.006876
-0.004398
-0.003303
-0.005314
-0.006976
-0.001992
0.004094
0.005076
0.003314
0.000315
-0.001840
-0.003572
-0.007031
-0.010082
-0.011247
-0.009067
-0.005898
-0.006564
-0.010510
-0.013408
-0.012324
-0.008965
-0.006521
-0.004546
-0.000870
0.005940
0.016118
0.027252
0.037413
0.046350
0.059348
0.076155
0.084345
0.084897
0.086135
0.085093
0.080375
0.075570
0.066626
0.049787
0.035395
0.026853
0.014403
-0.001147
-0.012272
-0.019253
-0.024427
-0.029850
-0.035291
-0.037911
-0.036549
-0.031705
-0.025607
-0.018794
-0.011016
0.005389
0.032695
0.059152
0.081389
0.106163
0.133321
0.156010
0.177090
0.196609
0.205590
0.202479
0.193000
0.175628
0.148301
0.119287
0.091088
0.062318
0.036556
0.017476
0.002670
-0.012968
-0.026110
-0.034353
-0.040978
-0.044976
-0.045857
-0.044154
-0.040350
-0.033881
-0.022605
-0.006618
0.018030
0.057102
0.105027
0.150215
0.187099
0.215208
0.239386
0.254531
0.255943
0.256891
0.259800
0.250585
0.222457
0.186670
0.152229
0.116869
0.081688
0.050171
0.023976
0.003892
-0.009554
-0.021546
-0.035738
-0.045973
-0.052090
-0.057411
-0.056632
-0.047163
-0.033170
-0.017617
0.002148
0.032963
0.080379
0.136002
0.187417
0.239225
0.287747
0.323359
0.356194
0.380413
0.379586
0.358403
0.325011
0.285721
0.241294
0.191390
0.144921
0.106072
0.070237
0.037969
0.014150
-0.004353
-0.022739
-0.038045
-0.048318
-0.054922
-0.058464
-0.059394
-0.053917
-0.039027
-0.015367
0.020176
0.071582
0.137698
0.211573
0.275396
0.325956
0.373208
0.417111
0.447741
0.446925
0.425654
0.402507
0.366200
0.313454
0.255412
0.197334
0.143285
0.097923
0.060684
0.029761
0.005849
-0.013637
-0.032248
-0.048875
-0.060858
-0.066543
-0.067848
-0.066751
-0.060644
-0.045761
-0.020252
0.025459
0.094804
0.173413
0.255197
0.339134
0.406804
0.443234
0.456079
0.456770
0.455047
0.447859
0.422886
0.379751
0.320849
0.255026
0.196114
0.146487
0.102522
0.062786
0.029992
0.005542
-0.016017
-0.035310
-0.049089
-0.059108
-0.065264
-0.067789
-0.066103
-0.051301
-0.023109
0.012138
0.060345
0.130317
0.219452
0.313593
0.395115
0.443591
0.461556
0.470889
0.469658
0.452320
0.423369
0.381619
0.326921
0.268430
0.215284
0.162890
0.111475
0.071339
0.041161
0.014385
-0.009655
-0.028159
-0.039892
-0.049208
-0.059822
-0.066587
-0.063730
-0.056788
-0.045916
-0.016084
0.035795
0.102520
0.188667
0.287373
0.375731
0.440909
0.483840
0.505286
0.509181
0.504744
0.487933
0.453473
0.404685
0.345914
0.280861
0.219573
0.165525
0.113932
0.072798
0.043044
0.015436
-0.010047
-0.030025
-0.043056
-0.051842
-0.060373
-0.069917
-0.073254
-0.060201
-0.034858
0.004276
0.062480
0.134380
0.221374
0.318014
0.403531
0.470992
0.515732
0.530275
0.523933
0.497491
0.454248
0.409993
0.365500
0.314045
0.257837
0.202312
0.151076
0.109338
0.075311
0.043781
0.016591
-0.004170
-0.022269
-0.041810
-0.057029
-0.063254
-0.065550
-0.065494
-0.059291
-0.038377
0.003902
0.072581
0.162717
0.257981
0.359687
0.453589
0.508259
0.533974
0.548317
0.538512
0.503516
0.463555
0.423619
0.375270
0.317725
0.258420
0.205965
0.156008
0.107681
0.069976
0.038375
0.009082
-0.011869
-0.025002
-0.037820
-0.050644
-0.058535
-0.063986
-0.065449
-0.048792
-0.007545
0.048947
0.120419
0.214954
0.323891
0.423507
0.492862
0.532848
0.550886
0.547194
0.530230
0.501681
0.461523
0.411431
0.350105
0.290433
0.236117
0.182265
0.133122
0.091733
0.057605
0.028833
0.002704
-0.017578
-0.030311
-0.040854
-0.052123
-0.064148
-0.071238
-0.069659
-0.057317
-0.019460
0.050535
0.142389
0.250116
0.360842
0.456449
0.523641
0.555006
0.556423
0.542533
0.522943
0.493345
0.450692
0.398519
0.342757
0.287094
0.229212
0.171982
0.123085
0.083581
0.052457
0.027523
0.004766
-0.013538
-0.026562
-0.038830
-0.051613
-0.062725
-0.067251
-0.060811
-0.038299
0.012141
0.091378
0.187079
0.290718
0.393583
0.478734
0.535770
0.563013
0.562457
0.545543
0.518563
0.479422
0.433729
0.388376
0.334106
0.269895
0.210134
0.159000
0.114768
0.079442
0.052639
0.028530
0.004949
-0.013210
-0.025811
-0.037942
-0.049017
-0.059552
-0.065654
-0.056085
-0.027090
0.022628
0.108072
0.229944
0.356308
0.461139
0.534675
0.575600
0.586967
0.575594
0.554251
0.525164
0.478862
0.421418
0.362804
0.301488
0.243852
0.194628
0.150680
0.109494
0.070810
0.039582
0.019929
0.006493
-0.009535
-0.026516
-0.038821
-0.047764
-0.053176
-0.050997
-0.035090
0.004116
0.070587
0.161260
0.270722
0.387374
0.489256
0.555891
0.586883
0.595602
0.587344
0.562332
0.522544
0.469699
0.411793
0.353279
0.293592
0.237510
0.188179
0.142758
0.098968
0.062441
0.037139
0.017365
0.000143
-0.015124
-0.027742
-0.035096
-0.040959
-0.048440
-0.052764
-0.043687
-0.014072
0.026307
0.061188
0.088890
0.105857
0.111411
0.115259
0.112447
0.102877
0.098058
0.096624
0.090757
0.080297
0.073371
0.072286
0.068470
0.062186
0.060344
0.058668
0.056342
0.056332
0.055043
0.056386
0.062280
0.063047
0.055992
0.051555
0.054235
0.055067
0.050582
0.048378
0.048758
0.048080
0.047356
0.043696
0.041507
0.047798
0.053324
0.053773
0.056710
0.057313
0.050088
0.046486
0.049730
0.051581
0.051688
0.051182
0.049500
0.046652
0.046763
0.052038
0.054340
0.051034
0.050196
0.052791
0.054020
0.055686
0.057956
0.059612
0.061919
0.060648
0.054294
0.049630
0.048095
0.049206
0.051383
0.049973
0.048359
0.048863
0.048637
0.048797
0.052256
0.056198
0.058253
0.059343
0.057960
0.058291
0.063097
0.065417
0.062983
0.062546
0.069219
0.077973
0.078864
0.073062
0.069109
0.067379
0.065168
0.062091
0.062532
0.068075
0.070397
0.068439
0.068420
0.068349
0.064334
0.060814
0.059938
0.058519
0.059979
0.067059
0.071000
0.069733
0.071507
0.074453
0.074924
0.076313
0.077775
0.077436
0.078797
0.080435
0.077740
0.074761
0.072165
0.065945
0.060689
0.059174
0.057062
0.055594
0.058289
0.063708
0.066635
0.066709
0.067766
0.066335
0.061493
0.054467
0.043435
0.033031
0.025569
0.016514
0.006369
-0.003944
-0.014132
-0.020411
-0.022842
-0.024880
-0.027560
-0.028392
-0.029704
-0.035094
-0.039671
-0.039601
-0.037487
-0.038345
-0.041622
-0.043238
-0.044332
-0.045168
-0.043646
-0.042050
-0.042008
-0.041363
-0.039792
-0.036974
-0.035521
-0.037183
-0.036327
-0.033598
-0.033730
-0.033852
-0.032137
-0.031913
-0.033783
-0.034006
-0.033787
-0.035908
-0.036675
-0.034798
-0.031589
-0.028970
-0.027910
-0.026288
-0.026397
-0.027679
-0.026494
-0.025601
-0.025382
-0.024779
-0.024465
-0.024100
-0.023265
-0.021070
-0.019274
-0.017533
-0.016984
-0.018966
-0.017386
-0.014018
-0.016172
-0.020826
-0.022826
-0.024432
-0.026735
-0.026774
-0.024384
-0.019107
-0.013645
-0.012354
-0.014227
-0.016207
-0.016816
-0.016127
-0.014602
-0.013910
-0.012905
-0.010970
-0.010602
-0.013280
-0.016466
-0.014022
-0.007015
-0.003079
-0.004098
-0.006856
-0.008807
-0.007745
-0.004329
-0.003708
-0.006574
-0.007186
-0.004222
-0.002557
-0.005670
-0.009999
-0.007822
-0.000369
0.001579
-0.001360
-0.003693
-0.004532
0.000235
0.005100
0.004459
0.001590
-0.000977
-0.001087
-0.001110
-0.001130
0.001558
0.004394
0.005015
0.002727
-0.000300
0.001302
0.003650
-0.000415
-0.005785
-0.005660
-0.002775
-0.000228
0.001458
0.000593
-0.000108
0.001751
0.002600
0.000928
0.000160
0.000790
-0.000122
-0.000313
0.004616
0.012221
0.014715
0.010089
0.006655
0.007056
0.006648
0.008905
0.013313
0.016257
0.020356
0.022310
0.021150
0.020134
0.019184
0.020836
0.021239
0.015639
0.013695
0.018864
0.021990
0.019869
0.017468
0.016147
0.012035
0.010708
0.015642
0.019157
0.016936
0.013019
0.012115
0.010675
0.010283
0.014784
0.018184
0.018192
0.016297
0.012360
0.009284
0.011966
0.012605
0.016623
0.014703
0.021587
0.012296
