0.058384
-0.006845
0.014914
0.002946
0.008138
0.010571
0.014082
0.007899
0.007686
0.012499
0.016512
0.017433
0.017475
0.015792
0.015006
0.013840
0.012695
0.013942
0.013743
0.009020
0.002625
0.001270
0.005845
0.009162
0.007960
0.004929
0.001383
-0.001252
-0.000518
0.001141
0.000333
-0.001517
-0.002031
-0.000727
0.001888
0.004491
0.005014
0.004987
0.005868
0.008428
0.012705
0.011756
0.008943
0.011878
0.010339
0.002808
0.002035
0.007940
0.010449
0.009354
0.009531
0.008824
0.007089
0.007578
0.008531
0.007235
0.006941
0.006978
0.005045
0.003885
0.004037
0.006796
0.012340
0.017043
0.017545
0.013296
0.009872
0.012886
0.017429
0.017642
0.015721
0.012036
0.006679
0.002660
-0.000123
0.001194
0.006997
0.010091
0.008458
0.003206
-0.001140
0.000672
0.004820
0.007372
0.008455
0.005764
0.001946
0.001830
0.002230
0.003475
0.004275
0.003149
0.004511
0.001936
-0.005394
-0.005511
-0.000391
0.001508
0.000265
-0.001031
0.000186
0.002225
0.001245
-0.000284
0.000365
0.001236
0.004069
0.006577
0.003449
-0.001524
-0.003316
-0.001352
0.003794
0.010925
0.016246
0.016306
0.014974
0.016112
0.015910
0.011832
0.008174
0.007632
0.010426
0.016906
0.019437
0.013381
0.005480
0.001054
-0.002544
0.001700
0.068570
0.271619
0.572651
0.813689
0.913236
0.920655
0.894580
0.856662
0.815204
0.775096
0.734356
0.697663
0.669395
0.645278
0.623016
0.607546
0.602796
0.597007
0.586301
0.575870
0.557704
0.535215
0.524504
0.526051
0.524323
0.512123
0.501939
0.499364
0.493127
0.479695
0.473423
0.478672
0.479231
0.475539
0.473067
0.467595
0.466386
0.472764
0.478721
0.475815
0.474184
0.486223
0.492918
0.483633
0.473343
0.467633
0.462903
0.458794
0.456584
0.454628
0.449532
0.444021
0.441701
0.439045
0.434171
0.432001
0.433494
0.434471
0.432487
0.428350
0.423691
0.415313
0.408029
0.406783
0.403367
0.398426
0.398276
0.400750
0.401382
0.400592
0.401682
0.403392
0.404107
0.407746
0.410880
0.406359
0.401126
0.403699
0.403442
0.392555
0.385475
0.387132
0.387207
0.379693
0.369999
0.368449
0.372309
0.371541
0.366316
0.360343
0.358767
0.365258
0.369708
0.364476
0.353041
0.346921
0.349690
0.350713
0.350375
0.355267
0.361151
0.361597
0.356616
0.347683
0.337822
0.333897
0.339982
0.348901
0.349802
0.349544
0.355175
0.353243
0.341319
0.331775
0.325267
0.318863
0.318210
0.320123
0.313269
0.307603
0.313586
0.321011
0.321786
0.318353
0.316416
0.315880
0.311613
0.303425
0.303774
0.311048
0.307989
0.305416
0.315314
0.322143
0.317283
0.309866
0.305243
0.298313
0.293774
0.299711
0.302583
0.298545
0.303750
0.312081
0.309534
0.302295
0.300011
0.296200
0.284821
0.276670
0.275987
0.274062
0.270768
0.274549
0.284064
0.288269
0.287934
0.293110
0.294499
0.284941
0.279062
0.281838
0.280437
0.273445
0.272217
0.275005
0.277402
0.282904
0.292672
0.300545
0.300237
0.296199
0.292033
0.284694
0.278482
0.278119
0.277445
0.271047
0.266564
0.267659
0.265298
0.261295
0.262891
0.266065
0.267417
0.270417
0.275998
0.278455
0.269542
0.248721
0.221079
0.189947
0.158635
0.126226
0.093056
0.064941
0.042208
0.019764
0.000307
-0.012631
-0.025385
-0.038769
-0.048232
-0.056003
-0.065501
-0.073038
-0.074053
-0.073971
-0.078097
-0.082541
-0.084478
-0.086442
-0.089821
-0.092333
-0.092674
-0.090794
-0.090235
-0.093712
-0.094975
-0.093441
-0.093528
-0.093742
-0.093252
-0.093699
-0.094055
-0.092527
-0.092273
-0.095722
-0.098712
-0.098404
-0.096543
-0.093231
-0.089526
-0.087990
-0.089443
-0.092461
-0.093552
-0.092113
-0.090814
-0.092631
-0.095322
-0.093540
-0.090217
-0.091419
-0.095181
-0.096427
-0.092603
-0.088059
-0.086842
-0.084648
-0.084655
-0.090447
-0.092292
-0.090035
-0.092751
-0.095836
-0.093502
-0.091139
-0.090304
-0.089758
-0.091138
-0.091325
-0.089603
-0.090703
-0.093862
-0.094868
-0.093487
-0.090879
-0.088934
-0.090023
-0.093286
-0.096415
-0.099250
-0.100497
-0.097743
-0.094882
-0.094465
-0.093393
-0.092847
-0.092954
-0.091006
-0.089816
-0.092028
-0.095042
-0.092800
-0.087406
-0.088142
-0.090667
-0.090068
-0.091499
-0.095556
-0.097334
-0.095350
-0.094479
-0.096562
-0.098103
-0.097730
-0.096481
-0.095233
-0.095811
-0.096595
-0.095572
-0.095191
-0.097131
-0.100866
-0.101513
-0.097017
-0.092722
-0.091997
-0.091793
-0.089045
-0.087308
-0.089171
-0.091999
-0.093934
-0.093151
-0.090497
-0.089695
-0.089642
-0.090928
-0.095210
-0.099509
-0.101558
-0.101257
-0.099752
-0.098449
-0.096971
-0.095917
-0.097217
-0.096324
-0.092047
-0.091922
-0.094881
-0.094058
-0.091330
-0.090251
-0.090251
-0.093667
-0.099390
-0.101562
-0.099514
-0.095911
-0.093434
-0.093329
-0.093116
-0.090642
-0.088260
-0.089480
-0.093840
-0.096730
-0.097534
-0.096187
-0.091695
-0.088807
-0.088655
-0.086967
-0.085110
-0.085738
-0.084801
-0.081633
-0.080590
-0.085467
-0.092488
-0.092284
-0.088627
-0.089935
-0.092151
-0.088018
-0.083747
-0.087152
-0.091296
-0.090630
-0.086568
-0.082147
-0.081194
-0.083366
-0.079996
-0.053610
0.015379
0.138714
0.288417
0.396729
0.435250
0.438395
0.431328
0.414132
0.396018
0.390038
0.384400
0.356983
0.319073
0.291025
0.265033
0.236046
0.222934
0.226730
0.224191
0.212994
0.204020
0.198447
0.191837
0.187140
0.189918
0.190905
0.186145
0.184648
0.187472
0.181322
0.167661
0.170464
0.184952
0.192356
0.198542
0.203462
0.197556
0.181285
0.167453
0.165646
0.165401
0.161234
0.163243
0.163527
0.153697
0.144079
0.139860
0.141229
0.142958
0.147457
0.157352
0.157625
0.153622
0.163358
0.175751
0.173808
0.164667
0.166845
0.173807
0.167878
0.164113
0.167984
0.160872
0.153783
0.157848
0.156895
0.147996
0.148974
0.159359
0.157711
0.148077
0.148125
0.152032
0.151870
0.152784
0.155341
0.154028
0.149695
0.150569
0.153421
0.149821
0.152178
0.160219
0.153652
0.138437
0.134327
0.136368
0.130838
0.123515
0.122769
0.119816
0.108200
0.105395
0.118397
0.127310
0.128977
0.137731
0.148379
0.141289
0.127979
0.133300
0.139365
0.131271
0.128797
0.133985
0.126379
0.108740
0.101926
0.101585
0.096943
0.096850
0.106070
0.111129
0.107493
0.110622
0.118511
0.118771
0.118679
0.122729
0.122885
0.116494
0.109566
0.106578
0.101913
0.095051
0.096538
0.101802
0.101058
0.103686
0.112371
0.113736
0.106844
0.105168
0.114419
0.126082
0.140896
0.171396
0.202181
0.217629
0.240346
0.284511
0.330502
0.360732
0.393756
0.437708
0.466887
0.480030
0.502001
0.537874
0.562202
0.555711
0.534746
0.519496
0.510676
0.507445
0.505678
0.504541
0.505445
0.502404
0.495547
0.480240
0.456470
0.440682
0.435755
0.433744
0.435489
0.437157
0.429207
0.408787
0.386696
0.375901
0.367592
0.349034
0.326403
0.311702
0.298455
0.280964
0.266716
0.251858
0.232053
0.209962
0.186851
0.159707
0.125739
0.094107
0.068330
0.037885
0.005987
-0.014282
-0.027045
-0.043768
-0.061052
-0.073214
-0.083273
-0.092915
-0.102707
-0.110017
-0.114076
-0.119855
-0.126329
-0.131547
-0.134831
-0.136525
-0.140713
-0.145783
-0.146845
-0.144494
-0.142890
-0.141438
-0.134310
-0.113487
-0.054957
0.053942
0.177082
0.280980
0.387055
0.504369
0.586035
0.613749
0.613391
0.599555
0.579708
0.554687
0.521374
0.489585
0.454635
0.407284
0.359052
0.312205
0.262107
0.209260
0.153694
0.104554
0.066250
0.031850
0.000441
-0.026931
-0.049066
-0.065072
-0.080950
-0.095517
-0.103886
-0.110869
-0.119441
-0.128627
-0.134016
-0.131514
-0.111590
-0.045184
0.082181
0.239350
0.381006
0.482500
0.539827
0.561418
0.562201
0.553043
0.531413
0.493298
0.442371
0.383931
0.316574
0.242653
0.178777
0.129570
0.087600
0.047449
0.009130
-0.020868
-0.042719
-0.061942
-0.079683
-0.094689
-0.107437
-0.114561
-0.103978
-0.050343
0.080773
0.264227
0.415924
0.510877
0.564702
0.578608
0.558612
0.511883
0.449162
0.379540
0.307983
0.237779
0.173575
0.117944
0.069422
0.027945
-0.006063
-0.031949
-0.051725
-0.072575
-0.092326
-0.088544
-0.038474
0.065061
0.204746
0.348619
0.464850
0.533994
0.552846
0.528495
0.476951
0.406822
0.328698
0.252583
0.182865
0.121610
0.066355
0.021954
-0.012224
-0.040250
-0.061238
-0.075055
-0.070699
-0.008031
0.134834
0.298017
0.411159
0.477640
0.514538
0.508769
0.461571
0.392671
0.315896
0.237547
0.168406
0.111942
0.060421
0.014818
-0.020877
-0.046509
-0.058509
-0.034130
0.052502
0.188052
0.321143
0.413489
0.461508
0.469543
0.438975
0.372360
0.289924
0.213793
0.148391
0.094896
0.048737
0.006880
-0.027965
-0.051372
-0.045011
0.030102
0.178049
0.335740
0.444215
0.486833
0.474801
0.424350
0.351010
0.271832
0.197600
0.131782
0.073392
0.026546
-0.007198
-0.027919
-0.017465
0.059710
0.196483
0.329504
0.417818
0.453064
0.435975
0.378041
0.300758
0.222830
0.151320
0.091356
0.044093
0.006670
-0.016748
-0.003189
0.063522
0.175963
0.302670
0.390935
0.414769
0.381562
0.319615
0.254959
0.187771
0.123311
0.068720
0.023516
-0.008119
-0.007683
0.052869
0.174541
0.310727
0.401349
0.427030
0.398954
0.334298
0.256295
0.181106
0.115301
0.059010
0.018240
-0.000590
0.019005
0.111565
0.247769
0.354084
0.398994
0.388349
0.340300
0.264601
0.183677
0.117260
0.064701
0.027669
0.012332
0.043235
0.147338
0.290239
0.385803
0.403511
0.369959
0.306503
0.232560
0.160391
0.096799
0.047675
0.017182
0.022774
0.092934
0.227681
0.352729
0.401399
0.384453
0.322355
0.241456
0.169733
0.109873
0.060382
0.028532
0.046465
0.138842
0.264112
0.342480
0.351523
0.321531
0.268769
0.205494
0.143262
0.085897
0.042768
0.039664
0.106740
0.224245
0.327905
0.373582
0.357767
0.302289
0.229784
0.158915
0.098525
0.048995
0.034040
0.083126
0.190153
0.298661
0.350061
0.341542
0.290395
0.218408
0.150930
0.094117
0.054258
0.056125
0.125609
0.235282
0.320539
0.351001
0.325812
0.264049
0.192969
0.125701
0.074227
0.057942
0.103378
0.199412
0.288526
0.328051
0.310082
0.257624
0.196051
0.136000
0.084807
0.052903
0.073979
0.160770
0.260116
0.314682
0.308414
0.259955
0.196358
0.132732
0.083379
0.066567
0.104621
0.197696
0.292068
0.330704
0.305011
0.243284
0.179690
0.124179
0.084034
0.084982
0.148747
0.251801
0.325326
0.334379
0.293134
0.223299
0.149618
0.091177
0.066575
0.098545
0.183503
0.272758
0.306388
0.281396
0.235607
0.178235
0.117056
0.086864
0.114170
0.187176
0.260117
0.295801
0.280793
0.225192
0.161004
0.107324
0.078961
0.104655
0.185939
0.272122
0.301270
0.269541
0.215684
0.155107
0.100368
0.084824
0.128234
0.210114
0.271924
0.279958
0.249498
0.197434
0.140895
0.099773
0.099491
0.159426
0.240368
0.279446
0.264873
0.219749
0.163917
0.112894
0.090574
0.127944
0.213159
0.277198
0.278678
0.236603
0.178893
0.123944
0.090728
0.106537
0.174329
0.251075
0.288628
0.268211
0.213898
0.157842
0.118332
0.123539
0.181254
0.254818
0.294117
0.276414
0.221191
0.158838
0.113766
0.119363
0.183574
0.255400
0.284815
0.263227
0.208980
0.149919
0.110480
0.120481
0.185902
0.254364
0.270070
0.235330
0.181601
0.124947
0.072640
0.031860
0.000939
-0.023013
-0.040507
-0.051396
-0.054337
-0.055697
-0.057888
-0.058692
-0.060389
-0.061599
-0.059761
-0.056170
-0.055909
-0.056550
-0.052222
-0.048620
-0.047854
-0.045590
-0.043573
-0.044775
-0.043781
-0.035866
-0.031159
-0.031242
-0.024878
-0.017391
-0.019344
-0.023893
-0.018276
-0.009713
-0.012516
-0.015207
-0.007999
-0.005942
-0.012468
-0.015210
-0.013478
-0.012272
-0.009219
-0.004679
-0.006289
-0.009616
-0.009063
-0.010857
-0.012803
-0.011177
-0.007116
-0.005136
-0.009525
-0.011779
-0.005169
0.001369
-0.000606
-0.003702
-0.000153
0.002052
-0.000460
-0.002159
-0.003538
-0.006137
-0.005977
0.001632
0.003635
-0.005337
-0.006320
-0.000629
0.000219
0.002483
0.009505
0.014534
0.011455
0.004238
0.004360
0.008754
0.011435
0.017065
0.019692
0.013593
0.010392
0.012243
0.007286
0.001301
0.007047
0.014231
0.012657
0.011360
0.010537
0.006392
0.005061
0.007497
0.010891
0.011350
0.011338
0.017450
0.020190
0.013829
0.010330
0.016296
0.023769
0.026735
0.029445
0.032775
0.031245
0.024818
0.020099
0.022627
0.024961
0.021633
0.020852
0.020852
0.017012
0.015535
0.020459
0.025454
0.027559
0.032273
0.035393
0.028739
0.019762
0.019465
0.022155
0.022605
0.028626
0.037178
0.037078
0.030152
0.029656
0.036029
0.040116
0.046539
0.051682
0.049884
0.050642
0.053709
0.049813
0.040227
0.037781
0.044262
0.045329
0.037209
0.030594
0.027366
0.025399
0.023342
0.020768
0.019227
0.011667
0.001711
-0.000836
0.000541
0.000395
0.000875
0.005879
0.010942
0.015935
0.024798
0.030555
0.032677
0.042612
0.062457
0.083131
0.103474
0.123646
0.132994
0.130916
0.129802
0.132067
0.126504
0.107228
0.083665
0.067476
0.055160
0.039299
0.025874
0.015108
0.000600
-0.008933
-0.011232
-0.016715
-0.020292
-0.016824
-0.013611
-0.013305
-0.009192
0.002094
0.014790
0.032789
0.064800
0.099104
0.128536
0.158419
0.187695
0.212121
0.225492
0.233165
0.230683
0.209476
0.185964
0.170854
0.153706
0.126223
0.094948
0.066392
0.042952
0.027394
0.015448
0.002676
-0.011715
-0.024781
-0.028712
-0.027244
-0.030539
-0.037856
-0.037500
-0.025508
-0.006413
0.027286
0.068578
0.103708
0.147140
0.199051
0.236974
0.258884
0.280723
0.304941
0.309322
0.291149
0.271453
0.250625
0.222712
0.192391
0.158726
0.121370
0.086235
0.052693
0.023251
0.001665
-0.012464
-0.023157
-0.034854
-0.042542
-0.043900
-0.045309
-0.045390
-0.037441
-0.018602
0.012116
0.050439
0.097352
0.148648
0.191227
0.230077
0.286645
0.352477
0.394188
0.409036
0.404669
0.376172
0.329541
0.281571
0.241994
0.201817
0.151154
0.104222
0.069808
0.041232
0.017349
-0.002917
-0.018755
-0.030547
-0.041516
-0.049357
-0.053275
-0.053104
-0.043932
-0.026107
-0.001166
0.042354
0.106191
0.165599
0.211239
0.267746
0.347218
0.416490
0.455155
0.474857
0.472132
0.447173
0.409778
0.362419
0.310303
0.259000
0.205513
0.151372
0.107992
0.075880
0.045484
0.014730
-0.009757
-0.021591
-0.027309
-0.038674
-0.051542
-0.055244
-0.053030
-0.050456
-0.035872
0.001638
0.058322
0.126499
0.203737
0.286073
0.355876
0.400144
0.434637
0.470714
0.487727
0.476239
0.444631
0.398934
0.348676
0.300026
0.248606
0.197398
0.154000
0.111983
0.071734
0.042176
0.022288
0.004475
-0.014229
-0.030054
-0.039579
-0.045151
-0.049350
-0.051177
-0.044301
-0.019411
0.029766
0.101230
0.176366
0.239733
0.298991
0.364181
0.426095
0.475791
0.507509
0.513449
0.493128
0.454899
0.406470
0.346892
0.287083
0.234761
0.184429
0.137253
0.098189
0.065250
0.035315
0.011236
-0.007315
-0.021781
-0.033108
-0.043144
-0.049866
-0.052138
-0.051353
-0.044102
-0.014151
0.048592
0.125261
0.212811
0.317819
0.411300
0.474426
0.515467
0.532314
0.531356
0.527459
0.507295
0.463206
0.409598
0.353113
0.296387
0.242083
0.188203
0.138532
0.096058
0.062683
0.039281
0.017375
-0.003055
-0.016579
-0.026046
-0.033676
-0.039839
-0.043055
-0.038201
-0.024417
0.000495
0.054118
0.153011
0.266561
0.353476
0.412756
0.460371
0.501492
0.527241
0.533451
0.520225
0.493413
0.455670
0.401129
0.335707
0.275960
0.223899
0.173809
0.127835
0.089993
0.060390
0.032743
0.008733
-0.008482
-0.021303
-0.029934
-0.036565
-0.041239
-0.041744
-0.031611
-0.002906
0.037900
0.096313
0.178830
0.274413
0.377345
0.468926
0.531993
0.566319
0.575927
0.565759
0.541465
0.504253
0.451185
0.386253
0.318144
0.259228
0.210711
0.166820
0.126024
0.089297
0.060010
0.033438
0.007737
-0.009234
-0.019032
-0.026511
-0.030671
-0.033462
-0.037427
-0.033647
-0.006755
0.048445
0.134223
0.241944
0.350775
0.439573
0.496993
0.530037
0.546996
0.552444
0.549712
0.533125
0.498438
0.451558
0.395144
0.331357
0.266388
0.207646
0.158744
0.117905
0.084165
0.057100
0.033556
0.014027
-0.000685
-0.012534
-0.022386
-0.032714
-0.040087
-0.040514
-0.033611
-0.007657
0.047567
0.123562
0.222676
0.334751
0.429798
0.501767
0.547494
0.563144
0.559945
0.545769
0.520773
0.488029
0.445058
0.391582
0.330591
0.264219
0.203153
0.152447
0.108801
0.074908
0.050718
0.028715
0.007578
-0.008432
-0.019855
-0.029455
-0.036428
-0.039024
-0.032888
-0.015172
0.016722
0.077970
0.188168
0.322667
0.436033
0.512519
0.555595
0.579873
0.586982
0.578061
0.557707
0.522107
0.473519
0.417854
0.360413
0.299868
0.235316
0.179290
0.139789
0.106699
0.075672
0.050684
0.029272
0.010824
-0.003139
-0.013024
-0.018113
-0.022537
-0.029855
-0.029667
-0.004568
0.046554
0.118021
0.208505
0.320918
0.444770
0.538423
0.587655
0.608213
0.607376
0.587912
0.551253
0.504829
0.453665
0.397976
0.342040
0.288018
0.232071
0.179948
0.138716
0.104303
0.074252
0.049577
0.029037
0.014124
0.004158
-0.007229
-0.016953
-0.023140
-0.030472
-0.028176
-0.001528
0.058439
0.161801
0.290613
0.409025
0.495311
0.547274
0.577493
0.593037
0.594120
0.579320
0.551118
0.516074
0.473937
0.421131
0.358294
0.290562
0.228435
0.174734
0.130471
0.097509
0.069012
0.045787
0.030964
0.019366
0.007554
-0.003519
-0.011810
-0.017659
-0.018474
-0.009238
0.010771
0.041480
0.074226
0.101176
0.129038
0.154341
0.160797
0.155872
0.154655
0.149656
0.136290
0.126329
0.126116
0.124897
0.117645
0.114906
0.117833
0.112435
0.100473
0.098197
0.099647
0.091151
0.084247
0.089154
0.093153
0.090921
0.090622
0.090176
0.083522
0.078480
0.080967
0.078969
0.070727
0.069985
0.074498
0.076732
0.079110
0.086462
0.091714
0.086778
0.084631
0.090641
0.093844
0.090026
0.086392
0.089636
0.093039
0.094755
0.099025
0.097988
0.090393
0.086986
0.089001
0.088693
0.087181
0.085831
0.079099
0.068435
0.062164
0.067944
0.078804
0.083616
0.087199
0.091181
0.088959
0.082416
0.079845
0.082222
0.084186
0.086639
0.088192
0.085832
0.084848
0.086572
0.088165
0.089209
0.088392
0.088504
0.091655
0.092106
0.091392
0.094529
0.097265
0.101078
0.110106
0.116235
0.113137
0.104632
0.097671
0.095357
0.095558
0.098677
0.103011
0.104337
0.103988
0.103226
0.099686
0.096490
0.096452
0.096853
0.094892
0.094102
0.100472
0.105275
0.102054
0.097732
0.095279
0.091397
0.089854
0.100553
0.112662
0.107432
0.094908
0.092428
0.097067
0.098940
0.098016
0.099848
0.100512
0.095516
0.095817
0.106241
0.112175
0.109126
0.106278
0.102986
0.092580
0.075666
0.060374
0.051676
0.044581
0.035578
0.028527
0.022391
0.013758
0.009596
0.008666
0.003233
-0.000212
-0.000670
-0.002394
-0.005480
-0.011076
-0.013329
-0.010782
-0.012629
-0.019255
-0.021688
-0.017176
-0.011946
-0.012109
-0.017327
-0.022261
-0.024082
-0.023697
-0.020765
-0.017261
-0.016061
-0.015729
-0.014301
-0.012576
-0.014546
-0.019221
-0.018364
-0.013448
-0.011684
-0.013862
-0.015315
-0.013197
-0.014469
-0.020517
-0.021569
-0.017189
-0.013792
-0.012803
-0.011886
-0.010962
-0.013854
-0.015999
-0.014551
-0.013836
-0.013530
-0.012917
-0.012565
-0.012707
-0.011860
-0.009188
-0.005902
-0.003951
-0.003070
-0.001483
-0.002810
-0.008075
-0.011962
-0.012109
-0.011239
-0.010861
-0.010544
-0.012098
-0.015787
-0.014714
-0.007394
-0.003863
-0.005466
-0.005871
-0.003657
-0.002427
-0.002376
-0.002498
-0.006266
-0.009676
-0.007851
-0.004223
-0.003822
-0.005058
-0.002747
0.001339
0.002415
-0.000214
-0.002109
-0.001470
-0.002575
-0.004018
-0.002913
-0.003334
-0.004048
-0.000873
0.002013
0.001394
-0.000028
-0.001232
-0.002170
-0.001711
0.001507
0.006691
0.008414
0.005915
0.003681
0.002148
0.001549
0.003081
0.006889
0.011546
0.013137
0.012639
0.012454
0.010611
0.007679
0.005244
0.003566
0.004964
0.007779
0.007784
0.008575
0.011399
0.009788
0.006023
0.005356
0.005206
0.007041
0.010164
0.009967
0.009184
0.011156
0.013547
0.011801
0.009290
0.009369
0.007832
0.008071
0.012768
0.015725
0.013603
0.009447
0.007702
0.005644
0.004361
0.006819
0.007908
0.009706
0.014032
0.015755
0.015415
0.016213
0.018445
0.017608
0.012497
0.008144
0.008946
0.014579
0.016745
0.014736
0.015386
0.016894
0.015537
0.013113
0.012019
0.012713
0.012014
0.010960
0.012063
0.014634
0.009782
0.009437
0.005568
0.018195
0.008841
