0.031926
-0.001839
0.007234
0.003697
0.009858
0.014569
0.021414
0.023222
0.024020
0.022745
0.017299
0.010997
0.008255
0.006972
0.008528
0.011747
0.012756
0.015042
0.017792
0.013201
0.004803
0.002593
0.004584
0.004773
0.004056
0.007736
0.013032
0.012959
0.010883
0.010640
0.012694
0.015292
0.017463
0.017998
0.015033
0.012886
0.013529
0.013339
0.010096
0.005613
0.002767
0.003843
0.008314
0.011920
0.012336
0.012146
0.014675
0.017631
0.017867
0.017897
0.019927
0.022829
0.024379
0.022539
0.017778
0.016031
0.018614
0.019815
0.021543
0.026591
0.028491
0.024691
0.022285
0.023529
0.026208
0.028925
0.028813
0.025543
0.021602
0.018219
0.015841
0.014154
0.010506
0.007095
0.008638
0.012334
0.011755
0.008425
0.008404
0.011312
0.014391
0.015289
0.012652
0.013609
0.022279
0.030636
0.035734
0.038780
0.037546
0.033261
0.031496
0.030757
0.027133
0.024808
0.022603
0.020248
0.020997
0.021011
0.019743
0.020523
0.020580
0.017586
0.015934
0.014939
0.014462
0.018606
0.022536
0.022229
0.019852
0.017468
0.017101
0.017879
0.020513
0.022886
0.021059
0.019537
0.019237
0.018685
0.019323
0.019750
0.018076
0.015625
0.014285
0.012811
0.011041
0.009690
0.008824
0.007902
0.005935
0.002703
0.001449
0.009532
0.027451
0.048684
0.062848
0.066018
0.064759
0.058806
0.047752
0.037065
0.031346
0.028609
0.025100
0.021580
0.018561
0.018388
0.019861
0.021124
0.023005
0.024211
0.022364
0.017620
0.015277
0.016254
0.018928
0.024019
0.031706
0.041226
0.049958
0.054328
0.054458
0.055936
0.062514
0.075051
0.087104
0.088174
0.082275
0.077913
0.075197
0.077105
0.082675
0.084932
0.082123
0.078146
0.078785
0.080154
0.077942
0.075486
0.073159
0.071016
0.068206
0.066023
0.065205
0.061883
0.058550
0.056811
0.054065
0.048794
0.043286
0.040117
0.038718
0.037604
0.036282
0.035494
0.032856
0.028368
0.027868
0.033787
0.038019
0.034872
0.031763
0.032781
0.035084
0.038250
0.039093
0.040434
0.045022
0.047475
0.046515
0.042577
0.037404
0.033198
0.031874
0.032048
0.029675
0.028123
0.030202
0.031202
0.029303
0.028073
0.029938
0.033500
0.036973
0.042405
0.049020
0.051531
0.049011
0.044303
0.040626
0.042729
0.047556
0.048944
0.049583
0.049749
0.047831
0.044169
0.041623
0.042287
0.042752
0.041774
0.038844
0.035276
0.032945
0.028979
0.022153
0.016758
0.014744
0.013575
0.013748
0.013966
0.011643
0.010963
0.016067
0.024022
0.028768
0.030333
0.030104
0.028081
0.027522
0.028700
0.029113
0.027144
0.027365
0.032526
0.034347
0.029725
0.024650
0.023343
0.024685
0.022444
0.018606
0.019096
0.021410
0.022363
0.022882
0.026501
0.029748
0.027436
0.023100
0.020739
0.018560
0.015565
0.013313
0.013780
0.016273
0.017166
0.016703
0.014834
0.014787
0.019756
0.026534
0.031866
0.036577
0.042520
0.044633
0.041025
0.036983
0.034155
0.031344
0.028666
0.026032
0.021871
0.016649
0.015024
0.014421
0.010862
0.010231
0.015925
0.025440
0.028396
0.023064
0.019556
0.018506
0.019472
0.022840
0.024433
0.021258
0.018419
0.025309
0.067639
0.189345
0.386876
0.594122
0.751330
0.841232
0.876237
0.874561
0.852021
0.817957
0.774854
0.725899
0.672431
0.614750
0.557410
0.506888
0.465564
0.431636
0.401582
0.370916
0.339995
0.315233
0.296138
0.275576
0.256738
0.242180
0.227401
0.215868
0.209954
0.201070
0.189182
0.181448
0.173746
0.163867
0.155449
0.147341
0.139502
0.135538
0.133571
0.127739
0.118971
0.114960
0.116491
0.115632
0.111147
0.104885
0.101237
0.102066
0.100589
0.099691
0.099840
0.095271
0.089586
0.086480
0.086048
0.086820
0.087751
0.090047
0.091018
0.086807
0.081312
0.078446
0.077391
0.077637
0.078169
0.077823
0.078008
0.080715
0.082004
0.078889
0.075603
0.073732
0.072065
0.072106
0.073277
0.072549
0.072706
0.071837
0.064980
0.060179
0.060333
0.057730
0.051887
0.048102
0.047235
0.047842
0.050553
0.053004
0.052633
0.051770
0.049081
0.044420
0.042715
0.043196
0.041815
0.037550
0.033981
0.032239
0.029283
0.026096
0.025792
0.027177
0.027728
0.030170
0.035404
0.039862
0.041286
0.038656
0.034106
0.029867
0.027056
0.025773
0.024375
0.023887
0.023009
0.020501
0.017063
0.013276
0.012159
0.011315
0.007803
0.006779
0.011248
0.014384
0.011302
0.005708
0.002118
0.002143
0.002205
-0.001749
-0.006766
-0.006865
-0.004802
-0.004773
-0.004251
-0.004777
-0.008698
-0.013377
-0.016248
-0.017365
-0.016332
-0.014714
-0.016602
-0.020215
-0.023057
-0.026277
-0.025915
-0.022248
-0.022183
-0.026325
-0.030160
-0.029833
-0.027074
-0.023344
-0.020751
-0.021736
-0.024137
-0.025504
-0.024770
-0.025643
-0.028728
-0.031052
-0.031888
-0.028973
-0.023914
-0.020974
-0.020526
-0.019450
-0.013766
-0.008115
-0.008847
-0.012562
-0.015661
-0.019085
-0.022462
-0.023435
-0.020505
-0.016475
-0.017475
-0.021612
-0.021864
-0.019949
-0.020472
-0.021059
-0.018815
-0.016356
-0.015722
-0.015961
-0.017411
-0.020279
-0.024227
-0.027188
-0.027994
-0.026036
-0.022519
-0.024235
-0.026980
-0.025938
-0.028182
-0.030652
-0.026353
-0.019799
-0.018865
-0.023410
-0.026921
-0.027619
-0.026231
-0.023651
-0.022314
-0.022965
-0.022765
-0.013844
0.001432
0.011170
0.011824
0.005063
-0.000509
0.000724
0.000702
-0.003400
-0.001946
0.006195
0.014163
0.019393
0.021541
0.021716
0.018797
0.015726
0.013743
0.010521
0.011444
0.016434
0.017249
0.012050
0.002580
-0.007597
-0.011548
-0.010755
-0.011202
-0.010831
-0.008850
-0.009186
-0.010125
-0.007190
-0.003059
-0.003722
-0.003021
0.004888
0.008726
0.002781
-0.002907
-0.002817
0.000441
0.002287
-0.000161
-0.002281
0.000560
0.004124
0.003433
-0.000976
-0.011012
-0.022622
-0.026475
-0.025327
-0.024420
-0.024937
-0.023668
-0.015985
-0.006897
-0.002592
-0.004219
-0.009053
-0.012169
-0.013004
-0.015243
-0.018517
-0.019260
-0.020233
-0.024902
-0.028370
-0.028992
-0.033525
-0.039612
-0.039090
-0.032720
-0.029748
-0.034488
-0.038737
-0.039376
-0.036316
-0.029123
-0.021157
-0.012940
-0.010453
-0.015218
-0.021043
-0.024329
-0.025245
-0.028424
-0.031551
-0.031609
-0.032795
-0.034494
-0.034786
-0.033638
-0.032556
-0.035711
-0.041131
-0.042600
-0.039865
-0.035844
-0.032753
-0.033274
-0.037339
-0.043367
-0.048292
-0.049690
-0.049077
-0.046260
-0.043763
-0.046188
-0.048886
-0.047465
-0.047248
-0.052046
-0.056259
-0.054112
-0.051382
-0.052898
-0.054063
-0.055324
-0.055511
-0.051883
-0.049677
-0.050135
-0.050353
-0.049834
-0.050097
-0.053185
-0.059153
-0.064814
-0.064926
-0.061144
-0.061974
-0.066361
-0.067804
-0.068005
-0.069789
-0.073135
-0.075612
-0.076311
-0.079466
-0.083851
-0.085734
-0.085732
-0.085575
-0.087465
-0.088929
-0.086562
-0.085555
-0.087911
-0.089102
-0.089661
-0.087970
-0.080986
-0.066930
-0.039448
0.007680
0.079173
0.164789
0.244193
0.312325
0.374802
0.430976
0.480034
0.528337
0.566355
0.581471
0.584768
0.583931
0.575748
0.562642
0.545806
0.525043
0.502764
0.479923
0.451071
0.417343
0.387811
0.358683
0.327200
0.299267
0.275072
0.248913
0.222798
0.200522
0.179415
0.160821
0.140100
0.115171
0.092109
0.072994
0.056039
0.039536
0.028049
0.022552
0.019244
0.015578
0.009368
-0.000833
-0.014631
-0.026429
-0.036397
-0.048598
-0.057373
-0.062384
-0.066887
-0.060176
-0.029337
0.027498
0.105171
0.195805
0.285714
0.364546
0.428584
0.472475
0.493759
0.499079
0.495141
0.482023
0.462598
0.440204
0.415433
0.384002
0.343827
0.306265
0.273537
0.237141
0.198411
0.160249
0.124296
0.094673
0.070565
0.047841
0.027566
0.011690
-0.002436
-0.018417
-0.033939
-0.043752
-0.039410
-0.007985
0.050331
0.130902
0.222599
0.303354
0.362792
0.397836
0.411384
0.416219
0.419525
0.413232
0.391810
0.363193
0.328120
0.283646
0.238748
0.196250
0.151864
0.110296
0.075701
0.047207
0.025587
0.007359
-0.012771
-0.030203
-0.033752
-0.011342
0.046178
0.128412
0.207264
0.271423
0.324460
0.364253
0.389150
0.395751
0.381006
0.352477
0.318381
0.275486
0.224636
0.177539
0.135914
0.097043
0.063368
0.033855
0.008812
-0.010428
-0.021711
-0.008499
0.039294
0.104175
0.166948
0.227401
0.287436
0.332229
0.355008
0.362496
0.352001
0.320073
0.271310
0.217062
0.166319
0.119617
0.079119
0.046314
0.019250
-0.002463
-0.012265
0.006458
0.053275
0.109594
0.171288
0.233282
0.279469
0.309764
0.327455
0.321048
0.289224
0.242696
0.190122
0.139724
0.094911
0.056351
0.026306
0.005829
-0.004933
0.010009
0.062311
0.124730
0.174368
0.220862
0.268509
0.300021
0.303805
0.282768
0.243442
0.194857
0.143995
0.097495
0.059773
0.028225
0.004193
0.001715
0.032744
0.088457
0.146229
0.191470
0.229833
0.268099
0.289474
0.275534
0.232717
0.178833
0.126647
0.081645
0.046316
0.021944
0.006773
0.010623
0.047897
0.105291
0.157727
0.204041
0.251318
0.279448
0.268291
0.228543
0.176738
0.124375
0.079815
0.045421
0.018763
0.008019
0.027361
0.068505
0.116222
0.165458
0.212587
0.244817
0.243172
0.207427
0.155187
0.103769
0.065598
0.039310
0.014428
0.003696
0.029212
0.077325
0.124199
0.168793
0.206986
0.221808
0.207190
0.171288
0.125531
0.079279
0.039350
0.012157
0.002137
0.015822
0.058221
0.111470
0.154312
0.188755
0.209086
0.200125
0.165727
0.120924
0.075711
0.036278
0.011298
0.009944
0.039165
0.091171
0.143379
0.179852
0.197263
0.192518
0.164326
0.123057
0.077251
0.033289
0.005556
0.005118
0.031535
0.074848
0.124015
0.165740
0.185392
0.180505
0.154734
0.115134
0.072369
0.036294
0.015864
0.017254
0.046732
0.091989
0.131160
0.160609
0.169958
0.150597
0.117960
0.082898
0.047006
0.018782
0.013304
0.037034
0.078225
0.127076
0.171109
0.184904
0.164782
0.130605
0.089511
0.046185
0.018549
0.012465
0.031108
0.074465
0.120116
0.153257
0.166303
0.148386
0.106213
0.063146
0.034464
0.017839
0.020871
0.051990
0.092366
0.123598
0.139902
0.135718
0.111795
0.077273
0.043833
0.021842
0.022055
0.047341
0.083317
0.113456
0.129407
0.125385
0.102253
0.068187
0.033501
0.010780
0.011302
0.039869
0.081859
0.113216
0.125155
0.117472
0.092857
0.059419
0.029054
0.013901
0.021566
0.052022
0.090744
0.116958
0.120008
0.103246
0.076255
0.045532
0.019728
0.009190
0.023937
0.065927
0.113154
0.138138
0.131538
0.102647
0.066898
0.035365
0.019411
0.030006
0.059410
0.092329
0.121148
0.128967
0.108871
0.074292
0.039612
0.020067
0.026034
0.055833
0.093267
0.112784
0.103921
0.079158
0.050853
0.024083
0.009022
0.019698
0.049374
0.076839
0.094206
0.095313
0.076229
0.045133
0.018655
0.012698
0.030387
0.063356
0.097385
0.113978
0.102679
0.072461
0.039287
0.021893
0.030787
0.058050
0.088338
0.103167
0.093069
0.066208
0.036321
0.012903
0.008179
0.031415
0.065975
0.088675
0.094877
0.083782
0.059215
0.033108
0.018278
0.028498
0.057561
0.079802
0.084439
0.074432
0.051327
0.025202
0.014594
0.028735
0.056734
0.077961
0.082051
0.069228
0.045998
0.021315
0.007818
0.021497
0.056260
0.081096
0.079408
0.059971
0.033410
0.011561
0.004838
0.016916
0.047140
0.090210
0.141108
0.189654
0.222103
0.234896
0.234877
0.227449
0.217175
0.205587
0.189169
0.166975
0.141770
0.117651
0.095000
0.076730
0.064135
0.053588
0.044782
0.035024
0.020502
0.004623
-0.006773
-0.013386
-0.019652
-0.025949
-0.030505
-0.036352
-0.041859
-0.043744
-0.046880
-0.052174
-0.054481
-0.056215
-0.060985
-0.063467
-0.060926
-0.059298
-0.064469
-0.070346
-0.069747
-0.071067
-0.077206
-0.081739
-0.084150
-0.081772
-0.073858
-0.069679
-0.073166
-0.075027
-0.072269
-0.069730
-0.067271
-0.064384
-0.060075
-0.058530
-0.062922
-0.065284
-0.065574
-0.071959
-0.079264
-0.076829
-0.070664
-0.068169
-0.066522
-0.066360
-0.067061
-0.066743
-0.067531
-0.070677
-0.072948
-0.069882
-0.066943
-0.068350
-0.067688
-0.065895
-0.067643
-0.068855
-0.070121
-0.075839
-0.079017
-0.074018
-0.066649
-0.061377
-0.057940
-0.055273
-0.053008
-0.054011
-0.055541
-0.051567
-0.047465
-0.045738
-0.042642
-0.039392
-0.039711
-0.045359
-0.051892
-0.057441
-0.062256
-0.065177
-0.066983
-0.068630
-0.069722
-0.070548
-0.071815
-0.072008
-0.071290
-0.069051
-0.064603
-0.062480
-0.062666
-0.061081
-0.057095
-0.052860
-0.049908
-0.046065
-0.044137
-0.045500
-0.045930
-0.047784
-0.050528
-0.049045
-0.047069
-0.047472
-0.046058
-0.044114
-0.044473
-0.043679
-0.039960
-0.037115
-0.040818
-0.049155
-0.055153
-0.059007
-0.060740
-0.060970
-0.062897
-0.062714
-0.058537
-0.053331
-0.049845
-0.050588
-0.051510
-0.051021
-0.052741
-0.054315
-0.051072
-0.040527
-0.030769
-0.029338
-0.032190
-0.036121
-0.038408
-0.036734
-0.031772
-0.030797
-0.038240
-0.047959
-0.053378
-0.055381
-0.062105
-0.070880
-0.074770
-0.077278
-0.080681
-0.081346
-0.080288
-0.081566
-0.083289
-0.082183
-0.078369
-0.075028
-0.071099
-0.063574
-0.050692
-0.030907
-0.007356
0.016953
0.040553
0.064657
0.094028
0.121348
0.131397
0.129490
0.126382
0.116256
0.095643
0.070338
0.044974
0.022258
0.004552
-0.010164
-0.023008
-0.033888
-0.043689
-0.052017
-0.059635
-0.065764
-0.070608
-0.072833
-0.068796
-0.057403
-0.041637
-0.028124
-0.017064
-0.002768
0.017060
0.040365
0.070067
0.105512
0.138927
0.168964
0.190708
0.196685
0.187573
0.166280
0.141530
0.120004
0.095758
0.067468
0.040495
0.016807
-0.003692
-0.021026
-0.037080
-0.051982
-0.062481
-0.067441
-0.068431
-0.062960
-0.053055
-0.047989
-0.045659
-0.038076
-0.021585
0.002117
0.031259
0.062044
0.095995
0.137368
0.174192
0.198176
0.217084
0.234575
0.241259
0.230967
0.210791
0.189537
0.164773
0.131781
0.095066
0.062324
0.032741
0.005374
-0.014921
-0.028831
-0.040094
-0.049127
-0.055708
-0.059666
-0.060528
-0.059032
-0.052959
-0.036718
-0.008102
0.028151
0.071669
0.119784
0.169354
0.227130
0.283617
0.323025
0.342454
0.346700
0.340035
0.320530
0.292390
0.259637
0.221740
0.181748
0.140455
0.100773
0.066350
0.036075
0.011912
-0.005777
-0.019971
-0.031570
-0.041121
-0.048953
-0.054796
-0.058362
-0.055299
-0.037903
-0.008623
0.027801
0.074896
0.123431
0.166339
0.214237
0.266158
0.311491
0.343926
0.359526
0.357192
0.341209
0.317167
0.286683
0.252035
0.216242
0.179065
0.141375
0.105358
0.070413
0.040254
0.018401
-0.000482
-0.019238
-0.031714
-0.037029
-0.042675
-0.048475
-0.047726
-0.044402
-0.037147
-0.010028
0.037865
0.095648
0.156089
0.212774
0.260735
0.300778
0.336650
0.361191
0.365635
0.357417
0.344472
0.323496
0.293238
0.258426
0.220099
0.179475
0.142364
0.108171
0.073638
0.042180
0.017645
-0.001794
-0.017013
-0.028982
-0.041054
-0.049118
-0.050803
-0.048543
-0.033361
-0.003949
0.034150
0.088917
0.149469
0.199775
0.244727
0.285536
0.320001
0.349970
0.368465
0.362953
0.343614
0.327618
0.311444
0.286511
0.251423
0.213926
0.178044
0.140390
0.102326
0.065039
0.034014
0.014447
0.001358
-0.010775
-0.024586
-0.040282
-0.052049
-0.054909
-0.050168
-0.036505
-0.006910
0.042744
0.101915
0.157044
0.208315
0.260312
0.312150
0.353937
0.375299
0.377843
0.371281
0.359928
0.340520
0.316627
0.291001
0.257242
0.216086
0.173199
0.132189
0.095522
0.062673
0.036210
0.018124
0.002627
-0.014502
-0.028556
-0.038172
-0.048906
-0.055099
-0.047656
-0.029583
0.004456
0.063067
0.134246
0.200115
0.253024
0.293044
0.325276
0.353548
0.371800
0.376788
0.374351
0.363721
0.341956
0.313093
0.283221
0.251812
0.214462
0.171593
0.126193
0.085486
0.054579
0.031515
0.013174
-0.002955
-0.015636
-0.025024
-0.036311
-0.047157
-0.048735
-0.039734
-0.014276
0.035283
0.098123
0.158100
0.207933
0.254802
0.307660
0.356089
0.385779
0.395614
0.392248
0.382276
0.365999
0.343207
0.317789
0.289013
0.252192
0.209015
0.167230
0.128266
0.092061
0.061878
0.036496
0.016176
0.003135
-0.009084
-0.023936
-0.036577
-0.046017
-0.049699
-0.035784
0.002187
0.052395
0.107923
0.166164
0.219663
0.270083
0.318471
0.356473
0.375036
0.378112
0.373309
0.358645
0.337583
0.317529
0.295887
0.269078
0.237636
0.201310
0.161717
0.121395
0.084371
0.056356
0.035723
0.016504
-0.001809
-0.017261
-0.030345
-0.040972
-0.048613
-0.046747
-0.023273
0.021500
0.079070
0.138602
0.188261
0.232501
0.280103
0.325370
0.362072
0.383043
0.384346
0.375558
0.362231
0.343387
0.319344
0.291707
0.260056
0.223062
0.182587
0.144260
0.111716
0.081987
0.056029
0.034127
0.012883
-0.004047
-0.014090
-0.022290
-0.032339
-0.040805
-0.039273
-0.018954
0.024749
0.085445
0.144889
0.196865
0.248726
0.297110
0.337226
0.366138
0.380129
0.380244
0.372904
0.364498
0.350905
0.327512
0.297742
0.265546
0.230077
0.192656
0.155514
0.118677
0.086017
0.059848
0.038491
0.021678
0.008380
-0.003910
-0.015033
-0.025816
-0.033233
-0.028876
-0.001298
0.054919
0.116582
0.167905
0.218836
0.265375
0.304350
0.340549
0.369561
0.383131
0.379250
0.367131
0.348850
0.322620
0.295880
0.271809
0.242729
0.206060
0.169542
0.135535
0.103613
0.077802
0.058007
0.038415
0.016725
-0.002593
-0.013466
-0.020047
-0.029868
-0.035492
-0.021477
0.019361
0.076813
0.134052
0.183074
0.227454
0.275092
0.324930
0.365253
0.384429
0.384064
0.374364
0.363191
0.351789
0.334741
0.309711
0.278401
0.242528
0.202693
0.160797
0.121803
0.087928
0.058229
0.032439
0.012701
-0.000208
-0.011051
-0.024328
-0.036683
-0.044816
-0.050504
-0.056470
-0.063504
-0.066529
-0.064805
-0.063690
-0.065063
-0.066909
-0.066752
-0.066031
-0.066432
-0.067222
-0.068046
-0.069703
-0.070434
-0.069118
-0.066837
-0.064559
-0.063648
-0.064078
-0.063732
-0.062097
-0.063333
-0.063460
-0.057946
-0.052294
-0.048735
-0.045664
-0.043261
-0.042847
-0.044696
-0.048980
-0.053549
-0.052914
-0.045656
-0.038822
-0.037483
-0.039594
-0.042137
-0.043941
-0.044486
-0.040962
-0.034915
-0.027994
-0.021996
-0.022250
-0.022597
-0.019790
-0.023269
-0.029711
-0.030228
-0.030016
-0.033215
-0.035127
-0.035137
-0.035343
-0.035820
-0.037127
-0.038826
-0.039832
-0.040152
-0.037934
-0.030230
-0.019652
-0.011909
-0.009585
-0.012505
-0.015746
-0.016313
-0.016644
-0.015346
-0.014702
-0.019270
-0.022576
-0.019402
-0.015483
-0.015900
-0.018332
-0.020610
-0.023768
-0.026799
-0.026567
-0.023062
-0.021448
-0.025078
-0.030060
-0.031296
-0.034057
-0.039759
-0.038896
-0.034513
-0.033790
-0.035036
-0.037318
-0.039595
-0.039746
-0.038807
-0.036864
-0.033824
-0.032836
-0.032894
-0.032280
-0.030433
-0.026208
-0.022690
-0.020669
-0.019191
-0.020234
-0.022104
-0.023011
-0.021781
-0.010847
0.023210
0.090801
0.179313
0.269058
0.351200
0.408186
0.430324
0.430769
0.420862
0.405012
0.388531
0.369241
0.342902
0.316698
0.295049
0.274684
0.258234
0.243271
0.223346
0.203154
0.186465
0.176263
0.170367
0.161473
0.150084
0.137667
0.124864
0.111962
0.102416
0.097333
0.092433
0.084945
0.074145
0.064162
0.058351
0.055258
0.052808
0.048487
0.043396
0.039413
0.034495
0.030640
0.030719
0.033060
0.034765
0.034451
0.030978
0.026063
0.021563
0.016546
0.013149
0.013007
0.013448
0.013569
0.017336
0.019586
0.014980
0.011777
0.011427
0.009437
0.007253
0.006644
0.007485
0.007656
0.004021
-0.000144
0.001240
0.005409
0.008000
0.008367
0.005892
0.003367
0.001691
-0.001909
-0.006321
-0.008635
-0.007354
-0.004324
-0.002233
-0.002439
-0.003977
-0.002794
-0.000168
-0.000230
0.000958
0.005339
0.006300
0.004242
0.002690
0.000138
0.000885
0.005149
0.005504
0.005077
0.007221
0.009962
0.012637
0.011421
0.009017
0.011594
0.013136
0.007593
0.001929
0.001508
0.002779
0.005557
0.007512
0.004096
0.001361
0.002480
0.002999
0.001664
-0.001246
-0.005241
-0.008486
-0.007422
-0.005078
-0.004760
-0.001022
0.004183
0.005273
0.003491
0.001222
-0.000815
-0.003266
-0.005479
-0.005971
-0.006273
-0.005686
-0.000506
0.003685
0.002764
0.002997
0.004886
0.005758
0.006842
0.008055
0.006904
0.002793
0.000001
-0.000317
0.000628
0.003397
0.004822
0.003579
0.001608
-0.000358
-0.001438
0.000113
0.000400
-0.004691
-0.006683
-0.002141
0.000058
0.000458
0.005263
0.009151
0.007183
0.005147
0.005457
0.004409
0.003021
0.003962
0.007365
0.008971
0.006648
0.004513
0.002947
0.000891
-0.002093
-0.003016
-0.001601
-0.003002
-0.005998
-0.006146
-0.001379
0.000018
0.003148
0.001893
0.005971
-0.002235
