0.041243
0.011885
0.018723
0.016077
0.018850
0.013659
0.010965
0.011221
0.012299
0.009786
0.006038
0.003008
0.004818
0.008852
0.008334
0.004901
-0.001080
-0.007053
-0.003652
0.002101
0.003478
0.009474
0.019896
0.026073
0.023528
0.015180
0.012051
0.014132
0.015348
0.019696
0.021892
0.017244
0.012854
0.012278
0.015035
0.015125
0.011086
0.010010
0.011723
0.014196
0.015811
0.013687
0.011068
0.010163
0.009644
0.011305
0.015984
0.020526
0.022793
0.022766
0.022526
0.021738
0.018859
0.016126
0.015160
0.015501
0.014695
0.011971
0.010631
0.010286
0.007171
0.003776
0.006872
0.010604
0.009072
0.008868
0.009112
0.005709
0.002271
0.003362
0.008234
0.013995
0.019173
0.021939
0.019650
0.011153
0.004087
0.005115
0.010632
0.016208
0.019687
0.019833
0.015388
0.010881
0.011854
0.017505
0.024413
0.026977
0.027102
0.027459
0.027734
0.029956
0.033421
0.034566
0.028969
0.021706
0.020019
0.019536
0.017657
0.017706
0.019623
0.026068
0.036459
0.043486
0.044504
0.041237
0.036091
0.031262
0.030593
0.033589
0.037496
0.039610
0.039009
0.041103
0.043188
0.039359
0.032988
0.028114
0.024699
0.022211
0.019993
0.019396
0.022669
0.024267
0.020783
0.017593
0.015264
0.010629
0.006093
0.006538
0.008849
0.007589
0.009440
0.017998
0.021712
0.016109
0.006143
-0.006968
-0.017344
-0.019303
-0.014251
-0.005958
0.002807
0.011599
0.014844
0.011690
0.008591
0.005870
0.003466
0.003045
0.003878
0.004441
0.004764
0.005882
0.008657
0.012238
0.013047
0.011676
0.012466
0.015403
0.016449
0.016537
0.019225
0.020525
0.018966
0.019616
0.020803
0.017575
0.013123
0.009833
0.005704
0.001288
-0.000441
-0.002782
-0.008680
-0.013309
-0.015222
-0.014129
-0.010403
-0.008037
-0.010221
-0.013184
-0.016694
-0.021706
-0.022348
-0.019830
-0.018817
-0.023541
-0.031209
-0.033718
-0.033384
-0.033981
-0.035579
-0.037911
-0.037605
-0.038090
-0.044094
-0.048060
-0.044491
-0.041618
-0.042173
-0.038058
-0.031856
-0.027782
-0.024057
-0.022937
-0.024114
-0.022940
-0.017677
-0.011490
-0.010355
-0.014413
-0.016789
-0.016309
-0.016478
-0.015582
-0.013121
-0.010556
-0.008174
-0.007263
-0.007661
-0.009408
-0.010879
-0.012432
-0.017100
-0.020794
-0.021969
-0.023440
-0.024844
-0.027787
-0.032156
-0.036178
-0.038840
-0.038829
-0.039150
-0.042792
-0.046069
-0.044721
-0.038952
-0.035058
-0.038115
-0.043184
-0.046501
-0.047438
-0.046173
-0.045223
-0.045708
-0.048445
-0.050776
-0.049344
-0.047872
-0.049006
-0.049185
-0.048590
-0.049270
-0.049162
-0.048181
-0.048324
-0.047580
-0.043913
-0.042314
-0.043064
-0.039054
-0.031141
-0.027623
-0.031952
-0.038303
-0.043819
-0.046000
-0.041879
-0.037667
-0.040984
-0.049964
-0.054815
-0.054871
-0.054339
-0.053240
-0.050738
-0.046905
-0.046700
-0.049043
-0.045866
-0.040980
-0.042853
-0.047492
-0.048052
-0.047137
-0.049373
-0.050488
-0.046887
-0.040986
-0.036139
-0.035578
-0.037949
-0.041109
-0.046955
-0.051687
-0.049252
-0.043195
-0.039656
-0.041895
-0.046965
-0.048519
-0.048113
-0.051128
-0.055601
-0.057442
-0.058541
-0.060004
-0.059361
-0.058624
-0.059290
-0.060498
-0.063241
-0.060559
-0.053530
-0.053533
-0.054971
-0.042942
0.020621
0.186100
0.423693
0.635876
0.772884
0.844212
0.865111
0.854649
0.830452
0.797487
0.759791
0.716858
0.672333
0.630025
0.592675
0.564750
0.539669
0.514742
0.491188
0.470346
0.452175
0.438011
0.427938
0.419709
0.414779
0.409685
0.402200
0.391931
0.383137
0.380387
0.378689
0.375218
0.372427
0.371195
0.366004
0.354564
0.344482
0.335254
0.323188
0.314883
0.310864
0.308275
0.306301
0.299741
0.292639
0.293737
0.299838
0.305695
0.305438
0.294862
0.284486
0.282730
0.282741
0.279396
0.275341
0.274391
0.277936
0.279100
0.271926
0.263928
0.260589
0.259357
0.259979
0.258552
0.254555
0.248959
0.239884
0.235924
0.241561
0.248543
0.248319
0.240065
0.230862
0.223481
0.215796
0.209081
0.204167
0.201909
0.202461
0.198772
0.190679
0.184746
0.181573
0.182164
0.181738
0.175960
0.168441
0.160635
0.151999
0.142428
0.135949
0.132825
0.130236
0.133538
0.140347
0.140747
0.136742
0.133737
0.130246
0.122996
0.110866
0.099137
0.095632
0.095646
0.091716
0.086495
0.082427
0.080794
0.080988
0.077855
0.074448
0.075527
0.076959
0.077843
0.075512
0.070175
0.069744
0.070122
0.065642
0.061398
0.059958
0.060665
0.062901
0.064479
0.064573
0.065295
0.064900
0.060648
0.051922
0.040769
0.034899
0.037080
0.041675
0.041928
0.040868
0.042139
0.042134
0.041052
0.041108
0.042293
0.041671
0.039125
0.036698
0.032997
0.028346
0.024157
0.019429
0.015122
0.010142
0.003488
0.000878
0.002529
0.003928
0.003693
0.002347
0.002487
0.002383
-0.001487
-0.003747
-0.000498
0.005911
0.011041
0.010079
0.006332
0.003711
0.000362
-0.005016
-0.010181
-0.012511
-0.011459
-0.007291
-0.003072
-0.005235
-0.014493
-0.022025
-0.023652
-0.022702
-0.021485
-0.020034
-0.017451
-0.014949
-0.015057
-0.014718
-0.010725
-0.007575
-0.006659
-0.007702
-0.013312
-0.019991
-0.024073
-0.031289
-0.043922
-0.055499
-0.065364
-0.075126
-0.081015
-0.083109
-0.084123
-0.081629
-0.075982
-0.071756
-0.064577
-0.052727
-0.041517
-0.034233
-0.032368
-0.029836
-0.027557
-0.026420
-0.021571
-0.016738
-0.012940
-0.011669
-0.015980
-0.023332
-0.031275
-0.034777
-0.031456
-0.027933
-0.024264
-0.019435
-0.021505
-0.030101
-0.037509
-0.040292
-0.040644
-0.042926
-0.043176
-0.039807
-0.036560
-0.033491
-0.033347
-0.036949
-0.040766
-0.041363
-0.041699
-0.045150
-0.047465
-0.048689
-0.051484
-0.053413
-0.052972
-0.055313
-0.058146
-0.054523
-0.054015
-0.059034
-0.060984
-0.061799
-0.063537
-0.063841
-0.061899
-0.058455
-0.057668
-0.060102
-0.063170
-0.068750
-0.072757
-0.071296
-0.070220
-0.073798
-0.074711
-0.068403
-0.062549
-0.055543
-0.048255
-0.047766
-0.049071
-0.046298
-0.040650
-0.042295
-0.049259
-0.051471
-0.050912
-0.049099
-0.050471
-0.053547
-0.054225
-0.057998
-0.063612
-0.068362
-0.070084
-0.067080
-0.066283
-0.070082
-0.074030
-0.077896
-0.080715
-0.082041
-0.084888
-0.085522
-0.080080
-0.074233
-0.070535
-0.069166
-0.073378
-0.078416
-0.083423
-0.090130
-0.088266
-0.077968
-0.070453
-0.067418
-0.068283
-0.068787
-0.066786
-0.069269
-0.073777
-0.074802
-0.073484
-0.073321
-0.075538
-0.077650
-0.079774
-0.081497
-0.081648
-0.080531
-0.078420
-0.074879
-0.074218
-0.081425
-0.089928
-0.095713
-0.102741
-0.108935
-0.112024
-0.112470
-0.106404
-0.091761
-0.077840
-0.072494
-0.071858
-0.076589
-0.086625
-0.096432
-0.103785
-0.107899
-0.112160
-0.119404
-0.126020
-0.129865
-0.132654
-0.132849
-0.131380
-0.131145
-0.129480
-0.126650
-0.127867
-0.131545
-0.134894
-0.140470
-0.145056
-0.146396
-0.147264
-0.149685
-0.152716
-0.155225
-0.157169
-0.157331
-0.157239
-0.157056
-0.152648
-0.141805
-0.124525
-0.096785
-0.058251
-0.010829
0.047892
0.121512
0.204572
0.274704
0.315505
0.336250
0.355813
0.377657
0.403037
0.437754
0.470935
0.492882
0.509883
0.528958
0.544807
0.545740
0.538881
0.533881
0.525792
0.510106
0.484757
0.450677
0.419389
0.399418
0.385015
0.370823
0.357135
0.344012
0.325060
0.299237
0.272812
0.244416
0.213255
0.179331
0.139032
0.096877
0.063429
0.037565
0.012230
-0.010460
-0.030214
-0.049434
-0.064802
-0.076355
-0.087620
-0.099294
-0.111137
-0.121991
-0.127533
-0.117112
-0.081495
-0.011496
0.089597
0.195624
0.291785
0.372787
0.427491
0.457216
0.474596
0.487282
0.497549
0.505408
0.508138
0.499631
0.478271
0.451696
0.421606
0.384259
0.341936
0.292198
0.235350
0.183785
0.139187
0.096171
0.056233
0.020114
-0.011714
-0.037583
-0.058994
-0.078996
-0.097299
-0.107394
-0.098576
-0.060704
0.012455
0.116204
0.225050
0.307765
0.359438
0.393659
0.415416
0.424625
0.428686
0.435244
0.433663
0.411688
0.379421
0.342132
0.290153
0.228789
0.171116
0.120804
0.079434
0.041771
0.003730
-0.029074
-0.054453
-0.068864
-0.064189
-0.029029
0.042332
0.139845
0.242300
0.321848
0.368615
0.393633
0.405841
0.408397
0.401563
0.381963
0.347718
0.304931
0.255485
0.199616
0.143906
0.092528
0.049024
0.012313
-0.020561
-0.044995
-0.053777
-0.037798
0.015759
0.103778
0.197027
0.272555
0.326457
0.358929
0.373901
0.374227
0.359841
0.333461
0.293732
0.238317
0.176903
0.120246
0.067531
0.021283
-0.013485
-0.040187
-0.053210
-0.032878
0.031077
0.124303
0.219652
0.294254
0.339193
0.359935
0.364144
0.350932
0.318318
0.271133
0.216854
0.161371
0.106204
0.057418
0.017170
-0.016734
-0.034044
-0.019964
0.037809
0.135814
0.237963
0.306577
0.339569
0.348440
0.335149
0.304361
0.260212
0.202250
0.141069
0.087971
0.042708
0.004805
-0.020633
-0.028952
-0.005343
0.064298
0.155491
0.232043
0.285857
0.317614
0.319230
0.291268
0.246264
0.192770
0.136613
0.085646
0.040626
0.000822
-0.022467
-0.016071
0.028911
0.104992
0.185715
0.254420
0.302063
0.319448
0.304984
0.264619
0.209661
0.150905
0.095366
0.045073
0.004845
-0.014979
0.002738
0.067799
0.153728
0.230570
0.288722
0.317797
0.310924
0.270773
0.213435
0.155156
0.098252
0.045397
0.003898
-0.012030
0.014643
0.077991
0.153907
0.223904
0.273371
0.292477
0.278237
0.235122
0.176520
0.118275
0.068195
0.026441
0.002327
0.011586
0.059407
0.133075
0.206242
0.258582
0.281608
0.268462
0.223145
0.163641
0.104682
0.054050
0.017974
0.003692
0.019663
0.072835
0.150757
0.221617
0.265773
0.275200
0.247099
0.193575
0.132106
0.073706
0.028453
0.010765
0.031242
0.086192
0.156157
0.218868
0.261310
0.271637
0.239746
0.181505
0.122790
0.070069
0.030679
0.023323
0.056395
0.116670
0.178933
0.222431
0.237518
0.219854
0.175776
0.122917
0.072824
0.033008
0.017347
0.034581
0.082701
0.153481
0.219199
0.246407
0.231000
0.189534
0.136001
0.081008
0.037648
0.020728
0.041532
0.095606
0.158211
0.202157
0.216505
0.201562
0.160534
0.107557
0.061327
0.033037
0.029100
0.055650
0.108522
0.166349
0.204966
0.208422
0.177216
0.126328
0.074834
0.038497
0.027690
0.049610
0.099957
0.158544
0.197883
0.199386
0.164756
0.115092
0.069292
0.034883
0.022744
0.044058
0.096537
0.155821
0.193781
0.195720
0.161512
0.113349
0.069482
0.035852
0.029114
0.057908
0.110016
0.162639
0.190531
0.178947
0.135553
0.084203
0.042100
0.020512
0.033455
0.082739
0.145049
0.185819
0.188142
0.155926
0.107894
0.065473
0.039178
0.040970
0.076325
0.127252
0.164654
0.172109
0.151672
0.111258
0.062521
0.028240
0.031787
0.074174
0.132180
0.172979
0.177365
0.149491
0.101139
0.052554
0.027197
0.031818
0.063532
0.112982
0.157568
0.170706
0.144748
0.099209
0.058213
0.037716
0.046300
0.081967
0.126868
0.151275
0.141193
0.107628
0.067386
0.035715
0.029999
0.060840
0.111779
0.150415
0.155933
0.129413
0.087220
0.047206
0.024031
0.031906
0.071835
0.116675
0.137984
0.125436
0.088237
0.050455
0.028388
0.034996
0.076547
0.128895
0.158027
0.150086
0.113260
0.069296
0.039536
0.037352
0.064589
0.104537
0.127414
0.117397
0.083603
0.046094
0.023916
0.029891
0.063283
0.103390
0.125534
0.117232
0.082666
0.044573
0.027460
0.040758
0.077629
0.117208
0.143303
0.160008
0.171861
0.174168
0.171342
0.167301
0.156133
0.137610
0.114827
0.092040
0.075804
0.064238
0.056462
0.050723
0.039706
0.026443
0.016661
0.008408
-0.003462
-0.016198
-0.025737
-0.036102
-0.046268
-0.049497
-0.048540
-0.050423
-0.054118
-0.057412
-0.059520
-0.060288
-0.062038
-0.061913
-0.060291
-0.065473
-0.072319
-0.073598
-0.072695
-0.071396
-0.071884
-0.074014
-0.074383
-0.074665
-0.076182
-0.076336
-0.073599
-0.070696
-0.071222
-0.071653
-0.072687
-0.074983
-0.074082
-0.071346
-0.066816
-0.062145
-0.061204
-0.061555
-0.061075
-0.061370
-0.065877
-0.072423
-0.073710
-0.069570
-0.066127
-0.067128
-0.067795
-0.065508
-0.065111
-0.067418
-0.071066
-0.071908
-0.066478
-0.061897
-0.063283
-0.067760
-0.074553
-0.080756
-0.080465
-0.076936
-0.075897
-0.075769
-0.074714
-0.076698
-0.078574
-0.078546
-0.080888
-0.079331
-0.075702
-0.076969
-0.077682
-0.075217
-0.074991
-0.076348
-0.073524
-0.068723
-0.067537
-0.069672
-0.075086
-0.081717
-0.083790
-0.080783
-0.074006
-0.071000
-0.076091
-0.078886
-0.079619
-0.082507
-0.078947
-0.072952
-0.074271
-0.076983
-0.076943
-0.078048
-0.081088
-0.086681
-0.092135
-0.091123
-0.088236
-0.088490
-0.087810
-0.083505
-0.076428
-0.071144
-0.069399
-0.065384
-0.062615
-0.066133
-0.070052
-0.072944
-0.075704
-0.078193
-0.081341
-0.084552
-0.086771
-0.084980
-0.081079
-0.080340
-0.082058
-0.082624
-0.080689
-0.079520
-0.078037
-0.074979
-0.070798
-0.065593
-0.065593
-0.065492
-0.062332
-0.064365
-0.070331
-0.074280
-0.072573
-0.067417
-0.064037
-0.064399
-0.068304
-0.072898
-0.075981
-0.079270
-0.079885
-0.084556
-0.096677
-0.105002
-0.111235
-0.117428
-0.119867
-0.121418
-0.123145
-0.120251
-0.110289
-0.094940
-0.081833
-0.073689
-0.064028
-0.052809
-0.038462
-0.016977
0.012003
0.041718
0.061626
0.077899
0.092971
0.100033
0.104117
0.101712
0.087015
0.066860
0.043808
0.016947
-0.009475
-0.032015
-0.051232
-0.066644
-0.077505
-0.085294
-0.091137
-0.095156
-0.099579
-0.102402
-0.097818
-0.086486
-0.069024
-0.045780
-0.022233
-0.000575
0.018882
0.037408
0.063396
0.095472
0.123780
0.148215
0.170492
0.182997
0.179029
0.163916
0.148521
0.137108
0.122306
0.096083
0.061705
0.027099
-0.002424
-0.026697
-0.049816
-0.070142
-0.086241
-0.097945
-0.103697
-0.107687
-0.112365
-0.113430
-0.104026
-0.080997
-0.043494
0.008161
0.062965
0.106947
0.137811
0.167241
0.198953
0.221648
0.235210
0.241263
0.234204
0.222840
0.213260
0.198074
0.176372
0.148057
0.114244
0.076991
0.038024
0.003699
-0.024249
-0.048147
-0.067897
-0.082113
-0.091920
-0.101946
-0.113291
-0.119295
-0.112596
-0.086076
-0.034272
0.029031
0.085694
0.135305
0.177184
0.212904
0.251289
0.288346
0.313725
0.330791
0.340890
0.337037
0.319339
0.297872
0.282150
0.258769
0.217320
0.169414
0.121290
0.075105
0.036165
0.002354
-0.026727
-0.045384
-0.058367
-0.069839
-0.078812
-0.086301
-0.089315
-0.078274
-0.044456
0.008628
0.073691
0.140659
0.194888
0.240246
0.283402
0.316625
0.339016
0.352248
0.354031
0.344041
0.331322
0.322869
0.308012
0.278377
0.241568
0.200899
0.154353
0.109952
0.071239
0.034447
0.000058
-0.029748
-0.053703
-0.072261
-0.085858
-0.092897
-0.092459
-0.084926
-0.064716
-0.023754
0.036205
0.106964
0.183391
0.255298
0.306671
0.338411
0.357580
0.362642
0.362337
0.362531
0.355777
0.341061
0.322516
0.299998
0.272611
0.237706
0.193980
0.146388
0.098838
0.055823
0.021315
-0.007960
-0.034914
-0.056988
-0.074079
-0.088071
-0.097840
-0.100423
-0.091851
-0.065833
-0.016079
0.063257
0.156819
0.231215
0.281487
0.318836
0.347952
0.369446
0.380005
0.382713
0.383066
0.376741
0.358420
0.332867
0.303714
0.271334
0.236343
0.194829
0.146371
0.097743
0.052690
0.014148
-0.016096
-0.040797
-0.062546
-0.079721
-0.092924
-0.103338
-0.103450
-0.087035
-0.049076
0.015108
0.091238
0.159990
0.220836
0.274289
0.316259
0.347148
0.368572
0.380895
0.386230
0.384626
0.370488
0.349759
0.328812
0.300673
0.260136
0.211286
0.166910
0.126213
0.082079
0.041291
0.008416
-0.019264
-0.044726
-0.066228
-0.082824
-0.095548
-0.100767
-0.096932
-0.079697
-0.039545
0.033057
0.129638
0.216718
0.281589
0.329607
0.356500
0.366042
0.370646
0.376550
0.382288
0.383763
0.374447
0.351261
0.320771
0.289974
0.260854
0.230878
0.189090
0.135174
0.084829
0.042132
0.007090
-0.018952
-0.042593
-0.064249
-0.082945
-0.098403
-0.105476
-0.099398
-0.071396
-0.012589
0.067039
0.140996
0.204448
0.268522
0.326581
0.361140
0.371637
0.377781
0.387195
0.393574
0.393163
0.382849
0.365415
0.345152
0.316378
0.274196
0.220082
0.162208
0.111529
0.069183
0.030727
-0.003519
-0.029155
-0.049377
-0.069989
-0.088621
-0.101837
-0.104966
-0.094779
-0.066429
-0.010705
0.071136
0.167197
0.256796
0.318242
0.354651
0.379508
0.394579
0.402472
0.406759
0.407319
0.406730
0.399404
0.374638
0.341705
0.307841
0.265103
0.217453
0.172093
0.125414
0.078449
0.036789
0.001896
-0.025528
-0.048060
-0.069086
-0.085903
-0.095559
-0.096789
-0.084138
-0.046348
0.022645
0.112928
0.205250
0.283633
0.342644
0.381028
0.398483
0.404538
0.409344
0.409919
0.404872
0.397949
0.380705
0.350573
0.319166
0.283178
0.232923
0.177057
0.127192
0.081781
0.041968
0.011004
-0.014645
-0.038435
-0.059047
-0.074384
-0.088871
-0.099020
-0.094199
-0.069822
-0.019420
0.058634
0.151520
0.239790
0.304292
0.342578
0.366510
0.387628
0.406370
0.414281
0.415003
0.413350
0.408893
0.398329
0.377737
0.348286
0.309242
0.261473
0.209818
0.157711
0.108685
0.065589
0.030119
0.001569
-0.024054
-0.045768
-0.065795
-0.084744
-0.095422
-0.091678
-0.062879
-0.004872
0.075524
0.163625
0.237563
0.292283
0.337033
0.369642
0.388080
0.399903
0.406017
0.405693
0.399619
0.388351
0.373089
0.349372
0.316655
0.278219
0.234430
0.187925
0.141309
0.095035
0.053919
0.022549
-0.002612
-0.026731
-0.048846
-0.067483
-0.082689
-0.090149
-0.079648
-0.035855
0.040331
0.129027
0.215742
0.286662
0.332172
0.361878
0.387339
0.407562
0.420944
0.430196
0.433109
0.426978
0.410953
0.387297
0.361097
0.326627
0.279762
0.228092
0.174884
0.123776
0.080896
0.042605
0.006951
-0.020293
-0.035225
-0.040603
-0.043844
-0.048642
-0.053319
-0.056684
-0.062534
-0.072912
-0.079763
-0.079960
-0.081514
-0.082495
-0.079225
-0.078774
-0.081802
-0.084112
-0.083565
-0.081815
-0.083778
-0.087258
-0.089386
-0.091018
-0.089400
-0.085334
-0.083167
-0.083661
-0.086310
-0.087836
-0.086208
-0.083622
-0.079797
-0.074071
-0.069807
-0.068421
-0.066894
-0.064601
-0.064578
-0.065951
-0.065555
-0.064496
-0.063935
-0.065099
-0.069290
-0.071675
-0.067851
-0.062197
-0.060091
-0.060282
-0.058569
-0.054040
-0.051094
-0.050807
-0.051657
-0.053556
-0.054462
-0.054049
-0.052255
-0.049876
-0.046607
-0.040806
-0.037196
-0.037257
-0.039477
-0.047083
-0.055350
-0.056797
-0.053088
-0.051313
-0.054290
-0.057902
-0.061846
-0.066353
-0.065999
-0.057948
-0.048525
-0.043592
-0.041267
-0.040047
-0.043509
-0.050412
-0.053345
-0.052860
-0.050841
-0.044947
-0.040874
-0.042505
-0.045757
-0.047665
-0.045991
-0.045014
-0.047919
-0.048148
-0.045959
-0.047602
-0.050323
-0.049754
-0.050667
-0.055824
-0.058308
-0.054277
-0.049916
-0.049752
-0.052426
-0.056468
-0.060359
-0.060359
-0.058781
-0.057654
-0.054807
-0.051666
-0.050649
-0.053993
-0.054659
-0.049502
-0.045200
-0.040348
-0.020369
0.028224
0.104973
0.196427
0.276901
0.341074
0.398134
0.437515
0.452605
0.448672
0.438346
0.427312
0.414401
0.404541
0.390367
0.370830
0.357208
0.348331
0.340397
0.332149
0.320608
0.309967
0.300599
0.285642
0.268772
0.259049
0.254479
0.245872
0.234046
0.227158
0.221304
0.210817
0.201159
0.195210
0.190937
0.184990
0.173227
0.160315
0.151421
0.145691
0.143547
0.139847
0.131818
0.124101
0.119992
0.119208
0.121919
0.127727
0.128277
0.120650
0.112390
0.108965
0.105416
0.096580
0.092273
0.095062
0.097618
0.099006
0.096949
0.091342
0.090006
0.094685
0.096930
0.093619
0.087745
0.082507
0.080291
0.078972
0.075026
0.067494
0.059130
0.056364
0.058382
0.057609
0.054423
0.054410
0.057773
0.058840
0.056048
0.054912
0.058890
0.064664
0.065725
0.061586
0.057462
0.054379
0.050735
0.048424
0.050499
0.055142
0.056748
0.056620
0.057004
0.054060
0.049011
0.046599
0.045700
0.043072
0.040594
0.038208
0.033544
0.032086
0.034465
0.034989
0.033049
0.029311
0.027479
0.029432
0.031881
0.030270
0.024967
0.022910
0.025257
0.027049
0.025557
0.022837
0.020352
0.016316
0.011519
0.006550
0.002180
0.004007
0.010232
0.012274
0.010097
0.008065
0.008117
0.007987
0.006453
0.003996
0.001493
0.003663
0.009178
0.014291
0.018082
0.017429
0.013026
0.010553
0.013405
0.018758
0.020768
0.017476
0.013286
0.012759
0.012943
0.011764
0.010839
0.006224
0.000715
-0.003142
-0.010169
-0.014840
-0.014167
-0.013225
-0.012476
-0.013014
-0.014658
-0.016282
-0.018686
-0.020093
-0.019577
-0.016513
-0.014109
-0.014927
-0.015058
-0.011877
-0.007447
-0.006591
-0.008346
-0.008765
-0.009308
-0.013143
-0.016739
-0.014798
-0.007847
-0.002461
-0.001269
-0.000995
0.003475
0.000040
0.004836
0.002978
