0.042718
-0.004395
-0.000724
-0.002784
0.008708
0.013645
0.019191
0.018721
0.014265
0.010717
0.008286
0.005230
0.008510
0.011358
0.005482
-0.001722
-0.003882
-0.003522
-0.002004
-0.001193
0.000634
0.009236
0.021241
0.024064
0.019906
0.018102
0.014589
0.009101
0.003123
-0.002255
-0.004145
-0.002650
-0.001867
-0.004502
-0.005247
-0.002118
0.002596
0.005970
0.006326
0.006735
0.014488
0.029268
0.037928
0.036725
0.035409
0.041417
0.044070
0.033272
0.023176
0.021224
0.020827
0.012615
-0.000975
-0.001336
0.011065
0.023781
0.026687
0.018875
0.008910
-0.002791
-0.006335
0.000439
0.004023
0.006967
0.011114
0.016456
0.024446
0.026381
0.020028
0.015649
0.017971
0.017521
0.011513
0.006958
0.007614
0.011648
0.010924
0.005545
0.002448
0.001242
-0.003604
-0.014135
-0.021301
-0.019314
-0.013813
-0.011197
-0.015800
-0.023145
-0.024188
-0.022227
-0.023527
-0.025332
-0.026644
-0.029300
-0.027623
-0.020965
-0.019036
-0.020041
-0.009904
0.006535
0.009907
0.005883
0.004627
0.000429
-0.009569
-0.019325
-0.021149
-0.016082
-0.006283
0.004734
0.009973
0.006049
-0.003290
-0.004921
0.005519
0.018111
0.025098
0.025868
0.024945
0.025646
0.023434
0.009799
-0.008534
-0.014334
-0.007643
-0.000155
0.001846
0.000481
-0.004768
-0.006368
0.029679
0.143238
0.353787
0.599710
0.786093
0.889975
0.910687
0.853468
0.775777
0.721499
0.671546
0.623981
0.589611
0.552717
0.516720
0.494427
0.480388
0.465564
0.455253
0.454318
0.453381
0.446732
0.440765
0.444380
0.446323
0.432290
0.416179
0.404032
0.385316
0.365793
0.363449
0.377563
0.384746
0.385104
0.389518
0.385705
0.378478
0.383797
0.392178
0.390990
0.380012
0.364835
0.352492
0.351961
0.362987
0.369304
0.361788
0.353107
0.364501
0.388112
0.390428
0.373187
0.363207
0.355157
0.339548
0.332132
0.334906
0.334439
0.338172
0.350740
0.353059
0.349302
0.348992
0.340908
0.321730
0.302224
0.300232
0.303800
0.301378
0.310370
0.322080
0.322276
0.324532
0.330706
0.319906
0.296765
0.290062
0.304419
0.320235
0.324350
0.321855
0.323200
0.328382
0.329905
0.323234
0.313617
0.309279
0.312794
0.320408
0.326140
0.327159
0.321119
0.312302
0.301522
0.285024
0.269975
0.261790
0.260291
0.266897
0.275077
0.271956
0.262197
0.260438
0.261259
0.262864
0.280068
0.304631
0.307233
0.283639
0.260899
0.251742
0.246226
0.245367
0.255078
0.267478
0.273788
0.278292
0.283138
0.279785
0.270955
0.262800
0.260185
0.263870
0.259958
0.256559
0.264576
0.265015
0.256346
0.257351
0.262886
0.261492
0.258015
0.255673
0.253051
0.253732
0.261731
0.264608
0.254336
0.246668
0.250861
0.254771
0.247115
0.235916
0.236142
0.247145
0.256032
0.259512
0.258080
0.243946
0.225826
0.225651
0.240726
0.257479
0.266356
0.253805
0.231828
0.224958
0.230251
0.233836
0.232037
0.227783
0.220404
0.211002
0.207762
0.214640
0.225297
0.234532
0.246011
0.252450
0.250125
0.247161
0.240213
0.235160
0.236822
0.239576
0.244315
0.244896
0.237011
0.231454
0.227768
0.217964
0.212264
0.213614
0.208162
0.195163
0.196914
0.209351
0.211732
0.212895
0.207569
0.176273
0.124720
0.076829
0.039484
0.003291
-0.024382
-0.041338
-0.060372
-0.078758
-0.090020
-0.100661
-0.109414
-0.111480
-0.114540
-0.123748
-0.131179
-0.133710
-0.137540
-0.140823
-0.141305
-0.142631
-0.147795
-0.155100
-0.156861
-0.154464
-0.152033
-0.145930
-0.142308
-0.142003
-0.137792
-0.135103
-0.136182
-0.137358
-0.140374
-0.143419
-0.136893
-0.127107
-0.128532
-0.133300
-0.132602
-0.132300
-0.135701
-0.138405
-0.139319
-0.138256
-0.132269
-0.126581
-0.125260
-0.123355
-0.119523
-0.117254
-0.117025
-0.116466
-0.115676
-0.115575
-0.116686
-0.119231
-0.115137
-0.105458
-0.105111
-0.110621
-0.110059
-0.108008
-0.112272
-0.115089
-0.113318
-0.112717
-0.107553
-0.101461
-0.101391
-0.100237
-0.097946
-0.096550
-0.095538
-0.099771
-0.103708
-0.100514
-0.098666
-0.100035
-0.096248
-0.092131
-0.092650
-0.091180
-0.088422
-0.089020
-0.091765
-0.099104
-0.107336
-0.107440
-0.102692
-0.098870
-0.099398
-0.099984
-0.098667
-0.103840
-0.112441
-0.112465
-0.105324
-0.101837
-0.101939
-0.098700
-0.097316
-0.102880
-0.103199
-0.095294
-0.087844
-0.081280
-0.077548
-0.076239
-0.076024
-0.084582
-0.091128
-0.079367
-0.068322
-0.072420
-0.073506
-0.067571
-0.067724
-0.072136
-0.073551
-0.073678
-0.073080
-0.069444
-0.068903
-0.072123
-0.071343
-0.068203
-0.067091
-0.067933
-0.070481
-0.071262
-0.069214
-0.070074
-0.076165
-0.086216
-0.094583
-0.094873
-0.090039
-0.085869
-0.082543
-0.079691
-0.075273
-0.066950
-0.061825
-0.066655
-0.078144
-0.087220
-0.088345
-0.083355
-0.079797
-0.082777
-0.086717
-0.085150
-0.079223
-0.075878
-0.076326
-0.074034
-0.071011
-0.070619
-0.069934
-0.071213
-0.072653
-0.067684
-0.061562
-0.062201
-0.065215
-0.068931
-0.079220
-0.087018
-0.089047
-0.091078
-0.084028
-0.071812
-0.071206
-0.080127
-0.081636
-0.074112
-0.072008
-0.075651
-0.071430
-0.063172
-0.065050
-0.073213
-0.077298
-0.073132
-0.065794
-0.062784
-0.060361
-0.047406
-0.011361
0.047895
0.114726
0.173008
0.216532
0.236412
0.222459
0.200355
0.198141
0.197544
0.180125
0.166421
0.170056
0.172262
0.163947
0.156028
0.147955
0.136651
0.129015
0.127613
0.131121
0.130346
0.124124
0.118870
0.110771
0.103518
0.105186
0.112858
0.115450
0.109581
0.104015
0.095964
0.080354
0.068532
0.066945
0.071001
0.074986
0.075617
0.073867
0.071709
0.068122
0.068647
0.075300
0.077222
0.076138
0.077051
0.077116
0.073872
0.069703
0.068562
0.070967
0.073399
0.067965
0.057387
0.049432
0.051172
0.058969
0.059840
0.059048
0.065328
0.072331
0.072937
0.071000
0.078413
0.089210
0.088355
0.082004
0.075055
0.062304
0.047266
0.041324
0.040047
0.035935
0.038902
0.043358
0.038682
0.037415
0.044978
0.049946
0.048068
0.042069
0.039839
0.046954
0.048431
0.036573
0.029177
0.033703
0.035890
0.031841
0.030547
0.030442
0.031469
0.040146
0.051368
0.053787
0.043541
0.028399
0.020015
0.021200
0.025867
0.026918
0.032696
0.048340
0.053923
0.049531
0.050973
0.051674
0.042695
0.032397
0.032366
0.034884
0.030419
0.028780
0.038593
0.045796
0.037788
0.025048
0.024717
0.034113
0.032820
0.024341
0.021196
0.017960
0.011974
0.012126
0.016500
0.014064
0.011548
0.017884
0.032526
0.042854
0.040292
0.038670
0.038657
0.036705
0.050714
0.073023
0.080025
0.085751
0.107949
0.130802
0.138896
0.144806
0.173666
0.227357
0.275173
0.305713
0.335751
0.362737
0.376446
0.391848
0.414643
0.427472
0.431211
0.442911
0.461887
0.467184
0.464019
0.470456
0.479195
0.481535
0.476095
0.470369
0.471580
0.472200
0.462298
0.446079
0.432185
0.418723
0.406488
0.394590
0.378241
0.360765
0.344531
0.326729
0.303486
0.275219
0.241881
0.205091
0.176557
0.153457
0.120595
0.080406
0.047152
0.018959
-0.011756
-0.038461
-0.061639
-0.082209
-0.095609
-0.104017
-0.107604
-0.110067
-0.115857
-0.122201
-0.125880
-0.127894
-0.134835
-0.143443
-0.145885
-0.146076
-0.149652
-0.153270
-0.149717
-0.142111
-0.137859
-0.134871
-0.134102
-0.134789
-0.127095
-0.112364
-0.092205
-0.048384
0.033144
0.144761
0.258407
0.359611
0.454266
0.522380
0.548189
0.553430
0.552763
0.542330
0.523877
0.494111
0.452357
0.399433
0.334250
0.267240
0.204971
0.146997
0.095446
0.046240
-0.001247
-0.038609
-0.066854
-0.083580
-0.092605
-0.106996
-0.120900
-0.130002
-0.139063
-0.145790
-0.146143
-0.146586
-0.152953
-0.149061
-0.122600
-0.073325
0.002293
0.107508
0.235615
0.365219
0.463509
0.512442
0.532354
0.533637
0.505955
0.457406
0.398934
0.332142
0.262050
0.196503
0.132825
0.065949
0.010301
-0.025061
-0.051157
-0.076046
-0.097900
-0.109692
-0.117128
-0.126525
-0.131593
-0.129660
-0.118888
-0.081678
0.007643
0.141480
0.284109
0.400002
0.473610
0.511658
0.512272
0.471844
0.405542
0.333008
0.254998
0.174165
0.107784
0.057858
0.013334
-0.026141
-0.054729
-0.077872
-0.099320
-0.112367
-0.120366
-0.124171
-0.100788
-0.031441
0.090286
0.240528
0.365357
0.442243
0.475864
0.463859
0.413213
0.342318
0.260206
0.180476
0.114137
0.058339
0.010352
-0.027228
-0.052292
-0.071277
-0.089477
-0.103807
-0.100760
-0.055547
0.051440
0.197697
0.336822
0.433442
0.468418
0.453042
0.401822
0.321861
0.233025
0.152692
0.083350
0.028543
-0.011840
-0.043996
-0.069119
-0.091676
-0.103968
-0.089484
-0.030158
0.086780
0.236115
0.371450
0.456537
0.473487
0.426963
0.342662
0.251042
0.166885
0.094394
0.038667
-0.000862
-0.030515
-0.055003
-0.069431
-0.058432
-0.012701
0.088441
0.238248
0.365686
0.426486
0.421510
0.364613
0.284757
0.202194
0.127318
0.066575
0.015984
-0.025023
-0.053523
-0.068089
-0.053019
0.008110
0.124456
0.273178
0.384601
0.423357
0.399774
0.331331
0.245166
0.161394
0.090792
0.035573
-0.008488
-0.041865
-0.055860
-0.036872
0.023888
0.124722
0.240326
0.334529
0.377363
0.351613
0.278513
0.196858
0.121808
0.058181
0.006777
-0.035428
-0.059329
-0.051444
0.004069
0.117147
0.252908
0.353784
0.385453
0.346273
0.267570
0.182353
0.106472
0.046373
0.002575
-0.030240
-0.048163
-0.026690
0.051047
0.181919
0.316246
0.378894
0.366842
0.310195
0.220326
0.129833
0.067200
0.023460
-0.011524
-0.026581
-0.005141
0.077417
0.212051
0.325773
0.357973
0.314772
0.237098
0.151883
0.072798
0.014571
-0.017420
-0.027728
-0.014511
0.048961
0.166406
0.279820
0.333536
0.313510
0.240267
0.155065
0.087147
0.038111
-0.000369
-0.023179
-0.010773
0.053842
0.159676
0.259042
0.304037
0.278594
0.205422
0.129133
0.071267
0.023600
-0.011092
-0.009047
0.045070
0.138378
0.234892
0.299779
0.303364
0.240158
0.152554
0.080289
0.028174
-0.003352
-0.003332
0.042361
0.135369
0.235038
0.287055
0.280254
0.232919
0.167047
0.101888
0.048013
0.013544
0.020655
0.082263
0.177009
0.268887
0.309075
0.273352
0.194290
0.112780
0.048106
0.007441
-0.000905
0.030593
0.108145
0.215011
0.291601
0.291139
0.226595
0.144902
0.076566
0.025991
0.005539
0.034651
0.111035
0.208004
0.278216
0.276256
0.207798
0.123970
0.060363
0.018708
0.004626
0.037821
0.122035
0.223985
0.281282
0.261677
0.191344
0.114639
0.055107
0.017467
0.016509
0.067061
0.152960
0.227417
0.244148
0.203026
0.142903
0.087639
0.047010
0.031721
0.057108
0.135548
0.230322
0.275901
0.254049
0.191178
0.118622
0.062152
0.039864
0.061054
0.123017
0.198426
0.244153
0.238247
0.189560
0.123418
0.065642
0.040323
0.059373
0.128898
0.220666
0.258719
0.225341
0.162071
0.098531
0.051851
0.032675
0.063052
0.142801
0.213711
0.235159
0.212717
0.159845
0.097026
0.051320
0.047751
0.088558
0.157315
0.219068
0.227285
0.182482
0.121291
0.071233
0.053140
0.078179
0.145186
0.218403
0.240825
0.204579
0.138956
0.077016
0.054047
0.079003
0.134064
0.196321
0.224863
0.196304
0.141523
0.088881
0.052357
0.053208
0.098213
0.171927
0.232241
0.232895
0.180150
0.117903
0.082067
0.081258
0.113777
0.176252
0.231965
0.235138
0.184540
0.122025
0.084016
0.087286
0.128453
0.181105
0.212125
0.198095
0.143067
0.079006
0.029173
-0.008633
-0.037042
-0.055438
-0.068116
-0.080333
-0.090304
-0.095487
-0.100688
-0.104871
-0.102635
-0.101944
-0.103900
-0.099730
-0.093349
-0.088108
-0.084321
-0.081101
-0.073257
-0.064705
-0.062108
-0.061532
-0.063763
-0.066876
-0.060476
-0.053618
-0.054761
-0.054593
-0.052890
-0.049049
-0.039581
-0.032761
-0.030907
-0.031244
-0.034683
-0.037245
-0.037591
-0.040874
-0.047062
-0.049168
-0.050195
-0.055973
-0.057300
-0.052250
-0.049160
-0.048829
-0.049427
-0.049211
-0.049301
-0.050893
-0.048406
-0.044469
-0.043665
-0.038159
-0.034393
-0.038377
-0.036810
-0.030227
-0.027664
-0.026162
-0.020806
-0.017673
-0.019684
-0.018122
-0.014855
-0.018174
-0.025752
-0.027169
-0.020680
-0.016748
-0.015814
-0.012947
-0.008749
-0.010600
-0.016347
-0.014625
-0.015143
-0.022175
-0.022647
-0.014960
-0.006158
-0.002906
-0.005560
-0.006161
-0.002974
-0.004480
-0.013324
-0.021381
-0.020119
-0.011433
-0.007879
-0.013343
-0.020051
-0.023228
-0.019167
-0.011658
-0.006742
-0.006007
-0.006803
-0.002639
0.000394
-0.000878
-0.006058
-0.014969
-0.015797
-0.009294
-0.006110
-0.003601
-0.000176
-0.003231
-0.008777
-0.005486
0.003605
0.006819
0.003432
0.005001
0.011028
0.006788
-0.002003
0.003478
0.011277
0.002234
-0.009101
-0.009951
-0.007496
-0.002540
0.002434
0.001212
-0.000896
0.004178
0.011937
0.013008
0.009190
0.004171
-0.000769
-0.002855
-0.002768
0.000209
0.005008
0.007973
0.007333
0.001672
-0.001504
0.002621
0.004712
0.000172
-0.007070
-0.014002
-0.019412
-0.023689
-0.024352
-0.020006
-0.015571
-0.016818
-0.019722
-0.013203
-0.002025
0.001539
0.004882
0.017571
0.034515
0.051255
0.063304
0.062980
0.061755
0.075171
0.084613
0.073611
0.055266
0.042750
0.036061
0.028978
0.019599
0.013218
0.010266
0.002588
-0.012462
-0.028518
-0.037993
-0.041234
-0.042788
-0.043254
-0.041120
-0.041396
-0.048469
-0.049178
-0.032669
-0.013536
-0.001701
0.014669
0.045623
0.088432
0.125852
0.143417
0.140793
0.128808
0.123461
0.128018
0.130457
0.121801
0.104930
0.082924
0.059339
0.035443
0.010812
-0.007787
-0.024633
-0.041744
-0.049606
-0.050466
-0.055614
-0.063836
-0.060952
-0.055228
-0.060446
-0.059689
-0.046142
-0.035896
-0.023695
0.002580
0.042218
0.087822
0.124253
0.151801
0.177477
0.197590
0.208774
0.212100
0.208490
0.201151
0.189163
0.165664
0.136502
0.106003
0.074579
0.049050
0.026220
0.001727
-0.016975
-0.026022
-0.033235
-0.046906
-0.061415
-0.066984
-0.065159
-0.061636
-0.058829
-0.049391
-0.022651
0.007445
0.033800
0.074335
0.120234
0.162337
0.203505
0.235876
0.261618
0.281976
0.281128
0.264227
0.243427
0.205777
0.161354
0.126641
0.094330
0.059944
0.033037
0.013787
-0.008597
-0.030940
-0.044447
-0.051427
-0.054222
-0.053001
-0.053959
-0.055260
-0.055432
-0.058737
-0.057170
-0.036319
0.002161
0.052270
0.107359
0.156596
0.201584
0.253840
0.304488
0.327161
0.328665
0.329584
0.314382
0.274326
0.228294
0.180676
0.135764
0.095361
0.054704
0.022557
0.004019
-0.011534
-0.030749
-0.048164
-0.060212
-0.063773
-0.064362
-0.069690
-0.071978
-0.065317
-0.054420
-0.034434
0.004868
0.052928
0.092673
0.134541
0.195532
0.268046
0.328772
0.359195
0.359581
0.345241
0.329053
0.310027
0.281325
0.239710
0.186964
0.131673
0.091511
0.065468
0.034827
0.002464
-0.021756
-0.036489
-0.048132
-0.061928
-0.069624
-0.069217
-0.068245
-0.070743
-0.073511
-0.066715
-0.041528
0.001122
0.054399
0.120055
0.195849
0.268602
0.334870
0.387374
0.415709
0.420710
0.406622
0.378103
0.345508
0.310933
0.260897
0.200019
0.143564
0.100510
0.069910
0.039878
0.008090
-0.017623
-0.038181
-0.055020
-0.062390
-0.063010
-0.066107
-0.074418
-0.079078
-0.072854
-0.058406
-0.035300
0.005284
0.070187
0.153939
0.240163
0.316180
0.370395
0.403395
0.423199
0.425200
0.413632
0.391139
0.348928
0.290557
0.226297
0.164975
0.115536
0.072015
0.035464
0.013391
-0.004805
-0.024156
-0.039522
-0.051700
-0.061409
-0.065049
-0.068532
-0.073914
-0.070861
-0.063026
-0.056091
-0.039252
-0.001087
0.073271
0.175521
0.274578
0.359346
0.427111
0.467003
0.475988
0.464130
0.431932
0.386906
0.340279
0.290336
0.240452
0.189691
0.138468
0.092190
0.052954
0.021486
-0.005422
-0.027321
-0.044159
-0.056163
-0.061154
-0.062875
-0.067990
-0.074867
-0.075868
-0.069382
-0.051371
-0.011774
0.057226
0.146837
0.235250
0.314230
0.383993
0.437832
0.470568
0.490254
0.500391
0.484977
0.438107
0.377308
0.315617
0.252513
0.189126
0.135560
0.091645
0.052052
0.026147
0.005859
-0.016827
-0.031871
-0.045386
-0.062094
-0.071546
-0.075004
-0.079812
-0.078109
-0.057204
-0.019415
0.020832
0.069602
0.148709
0.251898
0.344807
0.414391
0.461184
0.478517
0.475714
0.469056
0.453166
0.408773
0.345511
0.284009
0.225546
0.170264
0.121946
0.077581
0.036344
0.005199
-0.013245
-0.025822
-0.039693
-0.054950
-0.069349
-0.080725
-0.085220
-0.080332
-0.072252
-0.058300
-0.029171
0.020380
0.097766
0.192090
0.283498
0.375246
0.455658
0.505239
0.523959
0.511416
0.481658
0.446316
0.399451
0.338880
0.272714
0.206809
0.145477
0.095608
0.060241
0.030278
0.001521
-0.019327
-0.035022
-0.050250
-0.062562
-0.070695
-0.074346
-0.071443
-0.068067
-0.059797
-0.032623
0.008953
0.054537
0.123399
0.226105
0.338768
0.438903
0.507634
0.546653
0.556142
0.530069
0.487651
0.446812
0.404102
0.351687
0.291703
0.229350
0.166712
0.107539
0.063803
0.036452
0.012715
-0.011490
-0.031705
-0.042779
-0.046706
-0.051551
-0.059373
-0.067145
-0.073680
-0.072249
-0.054507
-0.012758
0.066708
0.177914
0.293212
0.393681
0.472910
0.537193
0.579008
0.587341
0.573023
0.534840
0.477007
0.416379
0.351128
0.279166
0.207824
0.147377
0.105011
0.067525
0.029538
0.001861
-0.014916
-0.025715
-0.036219
-0.049450
-0.061947
-0.070984
-0.073970
-0.068061
-0.045906
-0.000929
0.054875
0.122781
0.218707
0.319920
0.406438
0.493061
0.556436
0.579534
0.576460
0.543986
0.495363
0.440263
0.381800
0.322787
0.254772
0.188922
0.136983
0.093164
0.055709
0.025777
0.000627
-0.017555
-0.025865
-0.031414
-0.039136
-0.048730
-0.058370
-0.060862
-0.055268
-0.044440
-0.032017
-0.017836
0.006060
0.028720
0.041615
0.056339
0.062826
0.052259
0.041865
0.044427
0.055557
0.060194
0.059568
0.065021
0.068487
0.065184
0.064196
0.068562
0.070406
0.065650
0.062280
0.058040
0.050266
0.048511
0.052700
0.055435
0.051341
0.041566
0.032351
0.030387
0.040769
0.052513
0.055501
0.052249
0.048047
0.045946
0.038980
0.028711
0.026237
0.030271
0.033143
0.034651
0.037266
0.040404
0.039077
0.030911
0.024764
0.026061
0.028561
0.026382
0.022588
0.026214
0.036171
0.042854
0.041385
0.031410
0.023398
0.023453
0.023137
0.019992
0.016058
0.013533
0.013572
0.011163
0.005017
0.002834
0.007737
0.012729
0.013028
0.013140
0.019059
0.028257
0.031239
0.027663
0.028810
0.029950
0.023883
0.025376
0.037665
0.042911
0.036914
0.029226
0.024046
0.021529
0.022304
0.028707
0.033431
0.035106
0.039170
0.041251
0.043400
0.042591
0.040347
0.044083
0.047976
0.045831
0.039224
0.037473
0.039452
0.040381
0.040647
0.036451
0.033273
0.036493
0.038632
0.038246
0.037206
0.032202
0.029846
0.034060
0.037856
0.039258
0.039274
0.039638
0.042978
0.044995
0.041115
0.043504
0.053726
0.055326
0.048920
0.047451
0.050591
0.044751
0.028265
0.015151
0.009360
0.003894
-0.002859
-0.012662
-0.026432
-0.032769
-0.031268
-0.039122
-0.051180
-0.054363
-0.055931
-0.059823
-0.060540
-0.060452
-0.064673
-0.066739
-0.063265
-0.058489
-0.056159
-0.059553
-0.065204
-0.068612
-0.067791
-0.061333
-0.053758
-0.051374
-0.048530
-0.042997
-0.039797
-0.035797
-0.032897
-0.032845
-0.034058
-0.038658
-0.040475
-0.037304
-0.040221
-0.044292
-0.039099
-0.034370
-0.031979
-0.028227
-0.030824
-0.037581
-0.036989
-0.029694
-0.027479
-0.030453
-0.029075
-0.026279
-0.027440
-0.028607
-0.029855
-0.034027
-0.036473
-0.030648
-0.023363
-0.025767
-0.029948
-0.027534
-0.026262
-0.029905
-0.034425
-0.037717
-0.037032
-0.030771
-0.024262
-0.022585
-0.023219
-0.024089
-0.021985
-0.018056
-0.019970
-0.018568
-0.008748
-0.004946
-0.010980
-0.014963
-0.015348
-0.018640
-0.018812
-0.016033
-0.018005
-0.019912
-0.013969
-0.005337
-0.002072
-0.002424
-0.004460
-0.006605
-0.010023
-0.018396
-0.025321
-0.025470
-0.023501
-0.023148
-0.025596
-0.028406
-0.027769
-0.023605
-0.015259
-0.006820
-0.007490
-0.014386
-0.019909
-0.023489
-0.019632
-0.008573
-0.001245
0.000144
0.000178
-0.001630
-0.004949
-0.005925
-0.000971
0.009344
0.013405
0.011710
0.014569
0.015182
0.009956
0.009257
0.014210
0.019186
0.023878
0.027952
0.032590
0.032687
0.027603
0.026096
0.023303
0.015261
0.007651
0.004833
0.009123
0.017197
0.019009
0.012168
0.008025
0.009988
0.010324
0.009302
0.009017
0.001974
-0.008714
-0.009869
-0.004686
-0.003466
-0.002302
-0.000281
-0.003800
-0.007657
-0.011368
-0.016327
-0.013535
-0.007674
-0.006513
-0.005708
-0.003601
0.000086
0.003981
0.006661
0.008200
0.008756
0.011992
0.017604
0.020692
0.018128
0.013282
0.011792
0.014078
0.014093
0.007075
0.000954
-0.001342
0.006771
0.006414
0.007258
-0.004482
