0.048379
0.010593
0.026653
0.019098
0.012164
0.005767
0.008236
0.008649
0.012256
0.012596
0.012762
0.016791
0.020090
0.022090
0.021026
0.016008
0.014525
0.021096
0.028952
0.027147
0.018175
0.014463
0.016875
0.017217
0.013181
0.007602
0.004036
0.001450
-0.002015
-0.002545
-0.000456
-0.000039
0.002209
0.005895
0.005374
0.001000
-0.005167
-0.009351
-0.007950
-0.001161
0.006158
0.010034
0.010944
0.010475
0.011607
0.014953
0.017328
0.017537
0.014767
0.010862
0.008211
0.004510
0.002391
0.003725
0.003959
0.002896
0.002350
0.003134
0.006354
0.010565
0.012211
0.010341
0.011581
0.015356
0.015489
0.013962
0.011860
0.012243
0.014854
0.014238
0.012545
0.014288
0.018263
0.020938
0.020491
0.017497
0.018272
0.023718
0.026035
0.021821
0.014896
0.011300
0.008807
0.005382
0.005757
0.009205
0.011551
0.011092
0.006483
0.002267
0.005195
0.008623
0.006476
0.001763
-0.001612
-0.001343
0.000144
0.006741
0.019972
0.028872
0.028957
0.025493
0.024189
0.026535
0.027772
0.025036
0.021234
0.017796
0.016611
0.020095
0.023372
0.021744
0.018178
0.018282
0.024961
0.031719
0.028626
0.018242
0.012915
0.014825
0.016242
0.015117
0.011012
0.005104
0.004833
0.010349
0.014620
0.017243
0.016357
0.019134
0.065785
0.235740
0.535225
0.804913
0.919466
0.904609
0.834944
0.760150
0.687879
0.620116
0.562240
0.514815
0.472530
0.436237
0.410991
0.392902
0.379417
0.372113
0.369685
0.364613
0.352859
0.338957
0.331150
0.326405
0.320342
0.321012
0.327751
0.330019
0.323679
0.311513
0.301827
0.296669
0.292651
0.291061
0.290571
0.291906
0.293187
0.295392
0.298803
0.301123
0.303225
0.297320
0.289770
0.289897
0.290293
0.290721
0.294749
0.292327
0.283777
0.282297
0.282390
0.276413
0.269355
0.266819
0.270883
0.273351
0.266489
0.260916
0.263197
0.267486
0.267394
0.261262
0.258261
0.259761
0.261684
0.260825
0.256055
0.253312
0.252390
0.250850
0.250396
0.252444
0.258389
0.263952
0.262225
0.254193
0.245168
0.240698
0.238569
0.233038
0.224185
0.220272
0.228582
0.240096
0.242658
0.238582
0.236209
0.232166
0.224237
0.224990
0.237177
0.246465
0.245230
0.238364
0.233232
0.229193
0.222794
0.214902
0.204352
0.198206
0.205363
0.217762
0.225300
0.227292
0.224747
0.219233
0.218181
0.221826
0.222405
0.222544
0.217847
0.206932
0.201301
0.197506
0.192221
0.191876
0.197095
0.198269
0.191728
0.186849
0.186300
0.186466
0.187516
0.191104
0.193253
0.190741
0.188713
0.192164
0.197297
0.197570
0.195416
0.194222
0.193316
0.190331
0.184734
0.181096
0.180583
0.181885
0.184627
0.185065
0.180875
0.178079
0.179958
0.183750
0.190345
0.193413
0.187985
0.182287
0.179359
0.179076
0.181875
0.184370
0.184221
0.178490
0.172314
0.174368
0.178362
0.176301
0.172680
0.173428
0.176215
0.178947
0.180822
0.180537
0.179606
0.176043
0.169896
0.168348
0.171251
0.173870
0.175924
0.178250
0.178788
0.175750
0.173564
0.170945
0.167245
0.162701
0.158117
0.159389
0.164872
0.172442
0.177804
0.178213
0.173174
0.167359
0.168983
0.172239
0.168946
0.155286
0.138271
0.122572
0.101251
0.076407
0.053289
0.031484
0.011645
-0.004366
-0.015744
-0.025334
-0.040176
-0.058238
-0.070481
-0.077095
-0.082404
-0.088401
-0.096492
-0.103326
-0.106005
-0.107303
-0.108530
-0.110322
-0.112109
-0.112174
-0.112496
-0.112943
-0.114225
-0.114237
-0.110060
-0.106000
-0.103042
-0.101404
-0.101602
-0.100382
-0.096012
-0.089836
-0.086618
-0.088318
-0.090209
-0.091760
-0.093227
-0.089238
-0.082967
-0.080590
-0.081981
-0.085816
-0.085067
-0.077523
-0.073537
-0.077667
-0.083005
-0.085010
-0.085789
-0.085177
-0.081361
-0.078318
-0.078359
-0.079076
-0.077136
-0.073825
-0.075606
-0.080054
-0.080957
-0.078406
-0.079052
-0.082867
-0.081987
-0.081040
-0.082519
-0.080743
-0.078215
-0.077302
-0.076963
-0.077357
-0.075411
-0.073529
-0.076898
-0.079409
-0.078400
-0.080210
-0.083467
-0.084386
-0.085363
-0.087551
-0.087383
-0.085146
-0.085493
-0.086153
-0.081985
-0.075035
-0.070940
-0.071091
-0.073763
-0.077647
-0.080523
-0.080693
-0.077834
-0.073534
-0.072457
-0.076690
-0.084479
-0.090182
-0.089488
-0.084442
-0.078544
-0.077176
-0.077469
-0.073271
-0.070984
-0.073356
-0.075804
-0.076967
-0.078110
-0.080385
-0.080643
-0.077748
-0.077124
-0.079744
-0.079620
-0.079229
-0.083126
-0.084370
-0.083055
-0.083785
-0.081731
-0.075980
-0.072378
-0.072091
-0.072631
-0.075039
-0.076412
-0.075160
-0.075333
-0.075496
-0.073651
-0.072502
-0.074169
-0.075561
-0.074518
-0.074021
-0.075916
-0.072640
-0.063775
-0.061060
-0.061846
-0.063491
-0.070561
-0.077828
-0.080796
-0.081260
-0.083345
-0.086326
-0.084581
-0.081548
-0.081418
-0.079845
-0.076812
-0.075825
-0.076419
-0.077370
-0.078266
-0.079592
-0.079883
-0.076720
-0.070989
-0.066419
-0.065959
-0.066687
-0.066643
-0.069855
-0.074174
-0.074007
-0.073803
-0.076030
-0.071277
-0.063028
-0.064038
-0.067970
-0.073785
-0.083346
-0.084449
-0.079683
-0.077420
-0.075440
-0.070258
-0.063734
-0.056388
-0.033131
0.038484
0.177508
0.324273
0.412631
0.458903
0.479336
0.465352
0.432631
0.403046
0.377061
0.353164
0.334303
0.310772
0.272489
0.234347
0.211810
0.200193
0.190853
0.184420
0.180428
0.168716
0.153640
0.146030
0.146736
0.151345
0.152501
0.149280
0.145878
0.144802
0.145899
0.143504
0.137113
0.131905
0.132254
0.134632
0.132278
0.134512
0.139958
0.136718
0.127307
0.119725
0.120016
0.122717
0.118515
0.111292
0.112116
0.116042
0.117782
0.121297
0.118885
0.112225
0.112033
0.114646
0.115976
0.116620
0.119486
0.127075
0.130168
0.124211
0.116206
0.113240
0.113412
0.107080
0.100082
0.102248
0.107831
0.105596
0.094720
0.086362
0.084497
0.085669
0.088560
0.095478
0.103996
0.106774
0.104987
0.102794
0.097430
0.092764
0.095595
0.097722
0.096300
0.096553
0.097664
0.098892
0.095874
0.088190
0.084283
0.083491
0.078147
0.074257
0.080793
0.087799
0.081516
0.072058
0.074318
0.080907
0.082730
0.081305
0.081647
0.085557
0.090138
0.091647
0.086690
0.078335
0.073307
0.072686
0.074281
0.073782
0.071994
0.078549
0.090908
0.097950
0.095948
0.090230
0.088976
0.089744
0.088731
0.085943
0.083371
0.083208
0.081494
0.072341
0.059598
0.054076
0.052173
0.048917
0.051492
0.056752
0.060499
0.067616
0.074435
0.078925
0.085758
0.096783
0.111613
0.130212
0.153727
0.179462
0.203958
0.230486
0.259340
0.289643
0.323425
0.360648
0.400687
0.439382
0.465626
0.471275
0.463417
0.450426
0.438112
0.431913
0.424515
0.405435
0.383308
0.372620
0.369987
0.365393
0.359162
0.355368
0.350597
0.340884
0.330382
0.321119
0.311098
0.300618
0.287548
0.274600
0.264362
0.249798
0.230349
0.207842
0.186159
0.170594
0.154218
0.135519
0.119596
0.103601
0.085834
0.070920
0.057257
0.040716
0.026152
0.008565
-0.016981
-0.038745
-0.053123
-0.066786
-0.079699
-0.089705
-0.098660
-0.105694
-0.112073
-0.121991
-0.129413
-0.129416
-0.129774
-0.136435
-0.144949
-0.150087
-0.152534
-0.152679
-0.154101
-0.159910
-0.163352
-0.161311
-0.158996
-0.157900
-0.145698
-0.103887
-0.026282
0.079071
0.197773
0.317154
0.430681
0.517910
0.565629
0.584289
0.582215
0.567395
0.543143
0.502349
0.447970
0.398940
0.356128
0.310337
0.260388
0.207871
0.158598
0.112985
0.068968
0.030675
-0.001658
-0.031422
-0.055904
-0.073804
-0.088915
-0.102103
-0.111750
-0.117682
-0.123916
-0.133642
-0.141505
-0.145807
-0.149480
-0.147041
-0.129790
-0.077017
0.042848
0.208324
0.362585
0.469295
0.523931
0.544495
0.541827
0.517209
0.469881
0.416068
0.362447
0.301150
0.236350
0.175586
0.121098
0.069173
0.020846
-0.018899
-0.047881
-0.070684
-0.091296
-0.107765
-0.121436
-0.132092
-0.137764
-0.139308
-0.120122
-0.057127
0.055999
0.205220
0.354031
0.460480
0.510317
0.519476
0.502699
0.465966
0.409540
0.336625
0.253977
0.173621
0.108075
0.053505
0.005889
-0.031319
-0.058294
-0.079534
-0.097400
-0.113032
-0.124939
-0.122260
-0.079242
0.023934
0.177194
0.332800
0.440286
0.491135
0.493565
0.465536
0.417419
0.347477
0.266989
0.189959
0.122623
0.064541
0.017297
-0.023916
-0.057459
-0.077929
-0.092761
-0.105030
-0.098214
-0.047279
0.062031
0.217171
0.364751
0.451202
0.469598
0.445953
0.396900
0.329907
0.251969
0.169213
0.096434
0.039108
-0.005210
-0.039306
-0.067319
-0.092128
-0.104720
-0.084509
-0.008884
0.127806
0.275880
0.382324
0.432704
0.431866
0.396980
0.337137
0.257689
0.171651
0.099050
0.046109
0.001141
-0.039871
-0.071750
-0.090639
-0.081541
-0.017210
0.108706
0.261836
0.379350
0.431117
0.424533
0.373961
0.303675
0.223236
0.142085
0.075552
0.025773
-0.016312
-0.054469
-0.076256
-0.067615
-0.008635
0.110414
0.257302
0.365483
0.402819
0.391196
0.342589
0.265443
0.182825
0.109046
0.047501
-0.001038
-0.039076
-0.061386
-0.054828
-0.002184
0.117397
0.259982
0.348615
0.371578
0.348457
0.293087
0.215432
0.136917
0.073562
0.018529
-0.026395
-0.052417
-0.049520
0.002122
0.119928
0.264643
0.361827
0.389606
0.361937
0.299058
0.222843
0.146648
0.076989
0.018401
-0.023705
-0.044393
-0.024005
0.055694
0.185329
0.310371
0.364236
0.345991
0.290110
0.215694
0.137809
0.072162
0.022893
-0.014713
-0.030831
-0.008662
0.076962
0.214507
0.322615
0.355913
0.330869
0.271042
0.196885
0.121710
0.056482
0.006377
-0.024814
-0.021003
0.039641
0.155777
0.276870
0.340730
0.328806
0.265736
0.186537
0.112234
0.050606
0.004663
-0.017433
-0.001971
0.070030
0.190162
0.293903
0.332127
0.308740
0.246303
0.169730
0.097792
0.040843
0.002468
-0.005361
0.042997
0.150153
0.266080
0.324746
0.311630
0.255241
0.182839
0.115380
0.057981
0.013362
-0.004212
0.024368
0.118071
0.240358
0.311777
0.304011
0.248564
0.180405
0.112436
0.054272
0.014647
0.008274
0.064073
0.177215
0.285332
0.327744
0.300497
0.235391
0.160710
0.095609
0.045126
0.017573
0.038038
0.117651
0.225233
0.295057
0.292271
0.234885
0.155814
0.086589
0.037699
0.009958
0.024483
0.095003
0.196782
0.275507
0.288187
0.239743
0.165931
0.098712
0.046191
0.016574
0.040279
0.122006
0.221001
0.284795
0.281434
0.224546
0.153393
0.091364
0.044480
0.030381
0.079314
0.175962
0.257377
0.283010
0.249979
0.183133
0.114436
0.061232
0.033985
0.048132
0.117319
0.208589
0.258831
0.247843
0.194102
0.122431
0.060562
0.029364
0.043454
0.107254
0.196143
0.261213
0.260754
0.203571
0.133425
0.076385
0.047156
0.061125
0.121356
0.205126
0.264444
0.261004
0.201379
0.129079
0.076413
0.049721
0.063264
0.129528
0.213285
0.252368
0.222225
0.153858
0.089976
0.048047
0.043240
0.091727
0.169813
0.228239
0.235411
0.190738
0.125837
0.073114
0.048128
0.067528
0.130178
0.199800
0.232798
0.210947
0.152856
0.090810
0.052402
0.058475
0.113625
0.197574
0.250974
0.233888
0.177032
0.115840
0.067572
0.057957
0.099213
0.170707
0.228666
0.233042
0.181981
0.112734
0.067116
0.061849
0.098391
0.167934
0.221870
0.215258
0.164895
0.107190
0.068909
0.071948
0.120215
0.188825
0.231729
0.218075
0.162120
0.100342
0.047087
-0.000267
-0.038928
-0.067179
-0.087270
-0.098277
-0.101133
-0.100634
-0.097931
-0.095577
-0.095261
-0.094432
-0.095328
-0.099466
-0.101441
-0.096703
-0.086260
-0.074241
-0.066089
-0.065692
-0.071645
-0.074885
-0.068788
-0.058268
-0.050448
-0.047788
-0.046270
-0.045421
-0.048591
-0.051541
-0.049632
-0.041880
-0.033777
-0.033791
-0.036723
-0.033696
-0.033423
-0.041076
-0.045768
-0.043340
-0.040896
-0.043848
-0.043408
-0.036873
-0.036001
-0.038843
-0.040866
-0.041959
-0.040268
-0.037303
-0.033015
-0.032777
-0.035045
-0.028747
-0.021061
-0.020196
-0.020506
-0.018798
-0.015784
-0.013522
-0.012650
-0.012058
-0.012984
-0.014159
-0.013868
-0.015737
-0.021387
-0.025301
-0.022377
-0.016460
-0.011680
-0.005616
-0.000592
-0.001905
-0.009263
-0.016240
-0.016743
-0.015751
-0.020445
-0.025313
-0.025705
-0.024846
-0.023757
-0.024235
-0.023751
-0.017869
-0.010022
-0.006276
-0.007952
-0.009341
-0.008221
-0.010641
-0.015567
-0.017328
-0.018653
-0.020183
-0.020462
-0.021837
-0.023245
-0.023950
-0.021029
-0.013256
-0.010649
-0.012638
-0.009255
-0.004089
-0.004012
-0.006038
-0.005603
-0.005484
-0.005002
-0.004151
-0.006509
-0.009694
-0.011768
-0.011033
-0.009927
-0.009973
-0.007765
-0.004363
-0.000890
0.002312
0.004398
0.006263
0.006395
0.007270
0.011493
0.013424
0.010604
0.003236
-0.005008
-0.007016
-0.003500
0.000902
0.003717
0.006362
0.006952
0.002593
-0.001778
0.001587
0.013242
0.016365
0.004405
-0.005274
-0.005637
-0.005987
-0.012327
-0.019974
-0.024705
-0.029088
-0.031765
-0.031761
-0.032846
-0.033923
-0.030071
-0.023563
-0.018806
-0.009376
0.008321
0.025047
0.036122
0.050122
0.067662
0.085747
0.105732
0.118402
0.121328
0.120902
0.117786
0.107715
0.088533
0.067867
0.053026
0.036971
0.016024
-0.001972
-0.017154
-0.031141
-0.039817
-0.040861
-0.038825
-0.038137
-0.038771
-0.037626
-0.033750
-0.029511
-0.021491
-0.006049
0.018336
0.046015
0.072550
0.104078
0.131742
0.150106
0.172532
0.197032
0.209989
0.206330
0.189605
0.167879
0.146718
0.124216
0.096885
0.064785
0.034765
0.011873
-0.007711
-0.025514
-0.040731
-0.052866
-0.060408
-0.063515
-0.064119
-0.061498
-0.058593
-0.053839
-0.039693
-0.020449
0.004216
0.043413
0.092021
0.137185
0.170839
0.198815
0.229206
0.247050
0.250171
0.252076
0.250147
0.239823
0.214398
0.177612
0.141578
0.103624
0.065859
0.035589
0.013100
-0.006009
-0.026968
-0.045775
-0.058823
-0.068100
-0.072047
-0.072764
-0.071379
-0.063383
-0.052104
-0.039006
-0.012438
0.034928
0.093833
0.149396
0.200744
0.254164
0.300526
0.332234
0.358968
0.383747
0.389228
0.359576
0.308282
0.260876
0.216562
0.170052
0.127279
0.086040
0.044451
0.007855
-0.017845
-0.034358
-0.051296
-0.068038
-0.076030
-0.078538
-0.082237
-0.085394
-0.080910
-0.060167
-0.023657
0.019182
0.068921
0.136951
0.219523
0.287830
0.327644
0.357500
0.391582
0.417008
0.414224
0.385086
0.346431
0.305965
0.259769
0.210519
0.159611
0.107386
0.062145
0.026999
-0.000967
-0.024026
-0.042695
-0.055744
-0.065064
-0.073781
-0.080582
-0.083862
-0.081683
-0.075315
-0.061964
-0.031410
0.023183
0.095816
0.172423
0.249174
0.323485
0.381675
0.415654
0.429245
0.430917
0.424714
0.401831
0.362588
0.318894
0.267464
0.206585
0.151494
0.104132
0.056720
0.016665
-0.008019
-0.026707
-0.045222
-0.060019
-0.073713
-0.083102
-0.084348
-0.083781
-0.083776
-0.076152
-0.052136
-0.001045
0.071860
0.142288
0.212187
0.297427
0.379949
0.429605
0.449341
0.453769
0.446154
0.425242
0.390677
0.345417
0.290790
0.231307
0.177281
0.129213
0.080392
0.039543
0.011582
-0.012386
-0.033035
-0.049332
-0.062706
-0.073178
-0.081174
-0.087903
-0.092316
-0.087605
-0.074590
-0.052349
-0.009232
0.067151
0.165876
0.254317
0.328333
0.390190
0.435626
0.467297
0.478882
0.466666
0.435575
0.393585
0.345467
0.292899
0.239460
0.186037
0.132354
0.083559
0.042202
0.008754
-0.017690
-0.039836
-0.057270
-0.070172
-0.082042
-0.091938
-0.094315
-0.089197
-0.080473
-0.064207
-0.026514
0.028357
0.092028
0.179021
0.285294
0.380487
0.445421
0.478869
0.496176
0.497039
0.468974
0.423935
0.375023
0.326120
0.274913
0.219887
0.167337
0.118517
0.073184
0.037586
0.008512
-0.018540
-0.040101
-0.054682
-0.066151
-0.078645
-0.083978
-0.080916
-0.077790
-0.072199
-0.059780
-0.030922
0.034351
0.124633
0.220827
0.323797
0.414740
0.473454
0.502937
0.512778
0.502065
0.471959
0.427824
0.374380
0.319115
0.259611
0.199542
0.149591
0.104099
0.060168
0.024427
-0.004156
-0.027441
-0.043530
-0.054171
-0.064228
-0.073632
-0.079497
-0.085501
-0.090850
-0.082621
-0.050938
0.003422
0.074875
0.168153
0.280265
0.382404
0.447189
0.480036
0.496399
0.497379
0.488238
0.459952
0.409891
0.354867
0.297045
0.238656
0.185889
0.137500
0.092577
0.053619
0.021578
-0.002948
-0.022441
-0.040267
-0.054663
-0.064679
-0.074846
-0.082897
-0.083367
-0.079075
-0.070561
-0.044267
0.006540
0.087934
0.202136
0.314988
0.406779
0.474030
0.512324
0.523504
0.511948
0.490813
0.460520
0.411780
0.347776
0.286337
0.229633
0.171623
0.117294
0.071356
0.036877
0.013804
-0.005013
-0.024220
-0.039959
-0.052674
-0.064767
-0.073818
-0.079716
-0.082311
-0.078085
-0.060491
-0.016768
0.050883
0.135103
0.243497
0.365481
0.458601
0.507763
0.534611
0.539244
0.515786
0.478442
0.435827
0.388294
0.338305
0.279581
0.214916
0.155215
0.103921
0.064543
0.033385
0.004192
-0.018400
-0.030372
-0.039202
-0.050093
-0.061267
-0.071927
-0.078871
-0.080936
-0.076696
-0.056976
-0.010340
0.073520
0.179312
0.292406
0.398512
0.475881
0.526803
0.548202
0.545099
0.526865
0.490698
0.438588
0.376623
0.317141
0.265102
0.211085
0.154905
0.105830
0.065127
0.031446
0.002868
-0.017268
-0.027790
-0.038745
-0.053653
-0.063679
-0.069212
-0.076382
-0.079945
-0.071036
-0.040975
0.019466
0.111877
0.227364
0.349486
0.458456
0.529294
0.554858
0.559356
0.551420
0.523697
0.480723
0.428978
0.371092
0.310585
0.249885
0.193304
0.144418
0.100921
0.061800
0.025970
-0.001591
-0.019146
-0.031290
-0.038400
-0.044135
-0.053070
-0.064642
-0.072615
-0.071213
-0.064238
-0.045784
0.000354
0.063241
0.112484
0.137406
0.146798
0.147164
0.142461
0.132088
0.119080
0.106941
0.094124
0.086491
0.086411
0.084893
0.075566
0.070590
0.073730
0.070700
0.067504
0.074492
0.078869
0.075420
0.073375
0.073270
0.070341
0.062602
0.053351
0.047696
0.048099
0.057033
0.068948
0.073672
0.069981
0.064141
0.057985
0.049481
0.047163
0.054048
0.060149
0.062598
0.059936
0.055792
0.060198
0.064591
0.059444
0.053845
0.053109
0.054309
0.055441
0.054288
0.051356
0.051198
0.052554
0.049880
0.045613
0.045103
0.048600
0.048970
0.046218
0.048345
0.052501
0.054126
0.054415
0.052773
0.046752
0.041373
0.046705
0.056665
0.056154
0.053808
0.060436
0.061841
0.056046
0.057362
0.061855
0.059989
0.060782
0.070565
0.078474
0.078587
0.074231
0.068918
0.066525
0.069124
0.074499
0.078780
0.078560
0.076424
0.077810
0.080100
0.080174
0.083945
0.091795
0.097325
0.097058
0.091229
0.083606
0.074646
0.065397
0.062344
0.069311
0.076930
0.075099
0.071923
0.073614
0.078626
0.087666
0.091857
0.086958
0.082299
0.081658
0.082746
0.082216
0.080558
0.079136
0.075805
0.076437
0.083130
0.086427
0.084092
0.084340
0.090227
0.092060
0.084230
0.076451
0.071604
0.060232
0.043838
0.029534
0.016625
0.002729
-0.009772
-0.018746
-0.027486
-0.033169
-0.035650
-0.040742
-0.045396
-0.046627
-0.046750
-0.047647
-0.047995
-0.047443
-0.048818
-0.052046
-0.052469
-0.051157
-0.051350
-0.050779
-0.050780
-0.052222
-0.050476
-0.047517
-0.046697
-0.044467
-0.044757
-0.048515
-0.047234
-0.042601
-0.041109
-0.041344
-0.042164
-0.044699
-0.044868
-0.042875
-0.040101
-0.035814
-0.032979
-0.032830
-0.035323
-0.035397
-0.031117
-0.029770
-0.030367
-0.028444
-0.026467
-0.027481
-0.030420
-0.029968
-0.027026
-0.027449
-0.029247
-0.029204
-0.027312
-0.021459
-0.018250
-0.023129
-0.025951
-0.024102
-0.022157
-0.022460
-0.026333
-0.029035
-0.031491
-0.035942
-0.036230
-0.030992
-0.025595
-0.024698
-0.027557
-0.028517
-0.027695
-0.028050
-0.025588
-0.022084
-0.023397
-0.025552
-0.025087
-0.023925
-0.020780
-0.014322
-0.008860
-0.006600
-0.003642
-0.001557
-0.005274
-0.010282
-0.010117
-0.005493
-0.000597
-0.000051
-0.004569
-0.006616
-0.005540
-0.008230
-0.011028
-0.008550
-0.005056
-0.007334
-0.012446
-0.014232
-0.015111
-0.014669
-0.010441
-0.006980
-0.008820
-0.009696
-0.003867
0.000327
-0.000826
-0.001718
-0.001692
-0.005212
-0.010208
-0.009283
-0.004973
-0.003328
-0.003202
-0.002872
-0.002527
-0.002488
-0.001357
0.000543
0.000310
-0.000496
-0.002548
-0.005738
-0.005996
-0.002346
0.003104
0.004970
0.004495
0.007085
0.009465
0.008254
0.009456
0.013263
0.012594
0.008907
0.006076
0.005950
0.007983
0.009739
0.011840
0.013656
0.012182
0.007888
0.003966
0.003492
0.008017
0.013738
0.016165
0.015938
0.014405
0.011865
0.008493
0.006253
0.007796
0.010655
0.011914
0.012230
0.013554
0.015164
0.013087
0.008900
0.006746
0.005387
0.004901
0.008120
0.011732
0.013853
0.013589
0.017759
0.015723
0.024622
0.015949
