0.100383
-0.102259
0.104153
-0.106063
0.107993
-0.109941
0.111909
-0.113898
0.115909
-0.117942
0.119998
-0.122079
0.124185
-0.126317
0.128476
-0.130663
0.132879
-0.135125
0.137403
-0.139713
0.142056
-0.144435
0.146849
-0.149300
0.151790
-0.154320
0.156892
-0.159506
0.162164
-0.164869
0.167621
-0.170422
0.173274
-0.176179
0.179139
-0.182156
0.185231
-0.188368
0.191567
-0.194833
0.198166
-0.201570
0.205048
-0.208601
0.212233
-0.215948
0.219748
-0.223636
0.227617
-0.231694
0.235870
-0.240151
0.244540
-0.249041
0.253661
-0.258402
0.263272
-0.268276
0.273419
-0.278708
0.284149
-0.289750
0.295518
-0.301460
0.307587
-0.313905
0.320425
-0.327158
0.334113
-0.341303
0.348740
-0.356436
0.364407
-0.372667
0.381234
-0.390123
0.399355
-0.408949
0.418929
-0.429316
0.440139
-0.451423
0.463200
-0.475504
0.488369
-0.501837
0.515949
-0.530754
0.546303
-0.562655
0.579874
-0.598028
0.617199
-0.637471
0.658944
-0.681726
0.705941
-0.731728
0.759245
-0.788670
0.820208
-0.854095
0.890602
-0.930044
0.972787
-1.019263
1.069980
-1.125543
1.186680
-1.254270
1.329386
-1.413354
1.507830
-1.614911
1.737288
-1.878478
2.043163
-2.237715
2.471035
-2.755940
3.111579
-3.567875
4.174310
-5.018904
6.274411
-8.330881
12.283365
-22.717474
123.304012
277.945047
242.490609
263.556654
248.499865
260.244649
250.599888
258.793760
251.662433
257.982050
252.302715
257.464120
252.730260
257.105243
253.035743
256.842099
253.264746
256.641030
253.442671
256.482497
253.584793
256.354386
253.700846
256.248785
253.797325
256.160313
253.878731
256.085177
253.948278
256.020632
254.008327
255.964641
254.060645
255.915659
254.106587
255.872496
254.147204
255.834218
254.183326
255.800085
254.215618
255.769500
254.244617
255.741979
254.270761
255.717122
254.294413
255.694600
254.315873
255.674138
254.335395
255.655503
254.353192
255.638499
254.369444
255.622960
254.384307
255.608741
254.397912
255.595720
254.410375
255.583791
254.421793
255.572861
254.432254
255.562851
254.441831
255.553691
254.450590
255.545320
254.458587
255.537684
254.465873
255.530737
254.472490
255.524440
254.478477
255.518756
254.483866
255.513654
254.488687
255.509109
254.492963
255.505096
254.496716
255.501598
254.499964
255.498597
254.502721
255.496081
254.504999
255.494038
254.506809
255.492461
254.508155
255.491344
254.509043
255.490684
254.509474
255.490481
254.509449
255.490737
254.508963
255.491454
254.508011
255.492641
254.506587
255.494307
254.504678
255.496462
254.502272
255.499123
254.499352
255.502307
254.495899
255.506034
254.491890
255.510331
254.487298
255.515226
254.482092
255.520752
254.476236
255.526948
254.469689
255.533858
254.462404
255.541532
254.454327
255.550029
254.445394
255.559414
254.435536
255.569766
254.424669
255.581171
254.412700
255.593732
254.399518
255.607567
254.384996
255.622813
254.368986
255.639630
254.351314
255.658208
254.331775
255.678769
254.310126
255.701579
254.286077
255.726953
254.259280
255.755277
254.229313
255.787016
254.195659
255.822745
254.157678
255.863177
254.114571
255.909211
254.065325
255.961993
254.008637
256.023011
253.942803
256.094226
253.865550
256.178284
253.773782
256.278836
253.663163
256.401069
253.527436
256.552602
253.357223
256.745108
253.137811
256.997407
252.844726
257.341927
252.434058
257.839664
251.818462
258.620386
250.796144
260.016685
248.774893
263.204108
242.995663
276.998418
149.795855
-21.758141
11.839435
-8.053106
6.078944
-4.872737
4.061085
-3.478297
3.039864
-2.698245
2.424676
-2.200746
2.014126
-1.856254
1.721001
-1.603861
1.501449
-1.411176
1.331025
-1.259400
1.195025
-1.136869
1.084083
-1.035969
0.991944
-0.951518
0.914276
-0.879865
0.847983
-0.818368
0.790793
-0.765063
0.741004
-0.718464
0.697311
-0.677425
0.658701
-0.641046
0.624375
-0.608613
0.593692
-0.579551
0.566135
-0.553393
0.541280
-0.529754
0.518778
-0.508316
0.498337
-0.488813
0.479715
-0.471020
0.462704
-0.454747
0.447130
-0.439833
0.432841
-0.426138
0.419709
-0.413542
0.407623
-0.401941
0.396486
-0.391246
0.386213
-0.381377
0.376730
-0.372265
0.367974
-0.363850
0.359886
-0.356077
0.352418
-0.348901
0.345524
-0.342280
0.339165
-0.336176
0.333307
-0.330556
0.327919
-0.325393
0.322975
-0.320661
0.318449
-0.316336
0.314320
-0.312399
0.310571
-0.308834
0.307185
-0.305624
0.304148
-0.302757
0.301448
-0.300221
0.299075
-0.298008
0.297020
-0.296109
0.295276
-0.294520
0.293840
-0.293236
0.292707
-0.292253
0.291875
-0.291572
0.291345
-0.291193
0.291118
-0.291118
0.291196
-0.291352
0.291585
-0.291899
0.292292
-0.292767
0.293325
-0.293968
0.294696
-0.295512
0.296417
-0.297414
0.298504
-0.299691
0.300977
-0.302365
0.303857
-0.305458
0.307171
-0.309000
0.310949
-0.313023
0.315226
-0.317565
0.320044
-0.322670
0.325449
-0.328390
0.331500
-0.334787
0.338261
-0.341931
0.345809
-0.349907
0.354238
-0.358815
0.363655
-0.368774
0.374191
-0.379927
0.386004
-0.392447
0.399283
-0.406544
0.414264
-0.422479
0.431234
-0.440575
0.450557
-0.461239
0.472691
-0.484991
0.498229
-0.512506
0.527943
-0.544675
0.562864
-0.582699
0.604401
-0.628236
0.654522
-0.683643
0.716070
-0.752383
0.793307
-0.839761
0.892923
-0.954334
1.026046
-1.110849
1.212644
-1.337049
1.492454
-1.691973
1.957286
-2.326944
2.876545
-3.776448
5.502640
-10.017425
43.524030
136.528296
121.737906
130.581338
124.302735
129.154948
125.210792
128.526218
125.671833
128.173727
125.950028
127.948614
126.135899
127.792572
126.268739
127.678136
126.368333
127.590686
126.445721
127.521727
126.507547
127.465989
126.558048
127.420027
126.600051
127.381497
126.635516
127.348749
126.665845
127.320584
126.692066
127.296115
126.714950
127.274669
126.735088
127.255725
126.752938
127.238878
126.768864
127.223803
126.783154
127.210239
126.796044
127.197975
126.807726
127.186836
126.818357
127.176678
126.828072
127.167380
126.836979
127.158840
126.845174
127.150971
126.852735
127.143700
126.859731
127.136963
126.866222
127.130706
126.872258
127.124881
126.877883
127.119446
126.883137
127.114370
126.888053
127.109613
126.892659
127.105150
126.896984
127.100958
126.901049
127.097014
126.904877
127.093298
126.908486
127.089793
126.911891
127.086484
126.915107
127.083358
126.918147
127.080401
126.921023
127.077603
126.923744
127.074956
126.926320
127.072449
126.928759
127.070077
126.931067
127.067832
126.933249
127.065711
126.935311
127.063708
126.937255
127.061821
126.939085
127.060048
126.940801
127.058390
126.942402
127.056847
126.943886
127.055423
126.945248
127.054124
126.946482
127.052958
126.947577
127.051939
126.948516
127.051085
126.949278
127.050422
126.949832
127.049986
126.950138
127.049823
126.950144
127.049992
126.949759
127.050707
126.949256
127.051300
126.949306
127.050015
126.956936
127.013250
127.495529
129.161876
129.781375
130.855959
132.822454
133.876948
135.350859
137.981461
139.751738
141.732637
144.659625
147.973623
150.314433
153.731675
156.574008
160.332839
164.062475
167.828071
171.572326
175.275052
179.635275
184.076471
188.350335
192.858373
197.040274
201.741125
206.526531
210.698550
215.194595
219.495573
223.891427
228.328214
232.032898
235.844363
239.329321
242.230107
245.547670
247.743330
250.344830
251.262816
252.874386
252.905058
253.165216
252.521026
251.462328
249.068535
246.850935
243.308100
238.914725
234.364164
228.162009
221.535228
213.952226
205.648806
196.608466
186.599229
176.684633
165.763452
154.347282
141.664890
129.980853
117.820724
104.315979
91.736004
79.944896
67.948003
56.430148
45.246822
34.500183
25.598173
17.991979
10.690365
5.902578
2.258916
-0.047611
-0.062721
1.066206
4.752895
9.881518
17.458228
25.953671
37.314562
49.563273
63.902546
79.380862
95.957635
111.978425
130.231986
148.214890
165.700381
182.029047
198.062074
212.214772
225.213947
236.020560
244.743259
250.186549
252.807559
252.835414
249.638654
243.249897
234.711200
222.341096
206.860088
190.060995
171.500922
150.543457
129.183363
108.043957
86.701147
66.785562
48.248692
32.074165
18.157726
7.929335
1.462114
-0.275096
1.708286
7.992536
18.663010
33.026004
50.590862
71.306626
94.441902
118.571500
144.028315
168.311484
191.288644
211.812842
228.723699
241.981234
250.379846
253.497134
251.134808
243.147617
230.348133
212.154326
190.151741
165.148708
137.504026
110.125338
83.275264
57.684452
35.471859
18.045440
5.923737
-0.248331
1.093995
8.553030
22.355793
41.237582
66.067972
94.367101
123.928185
154.130989
183.520136
209.270519
230.092900
245.224085
252.153044
252.353604
244.338557
229.135443
206.521292
178.952437
147.557969
114.760513
82.607934
52.911150
28.436822
10.496337
1.389163
0.545095
8.675727
25.793507
49.952584
80.791813
114.355056
149.211155
183.621284
212.249274
235.021680
248.751894
253.511795
247.283824
231.116782
206.635886
175.243133
138.800228
101.178307
66.036570
36.299077
14.199883
1.665975
0.447804
11.256903
32.474223
62.181476
98.101708
137.487409
175.955444
209.338967
234.879160
249.962769
252.763560
242.926097
220.845784
189.282279
150.978236
110.008027
70.769927
36.615540
12.616787
0.384620
2.701954
17.543850
46.008671
82.102606
124.430986
167.432082
205.267286
234.320113
250.569267
251.976943
239.116414
212.417895
174.664193
131.163558
87.011671
47.337384
17.270408
1.511542
1.859394
17.628165
48.602546
88.686916
134.943518
179.447536
218.255785
243.348783
253.693664
245.313060
220.974822
183.930068
137.425315
89.741045
47.763095
15.608975
0.692873
4.220266
24.988697
61.931225
108.350436
158.210012
202.769368
236.098245
251.998425
248.764075
226.282285
187.390713
139.248042
87.999934
43.574162
12.540960
-0.394489
8.079101
36.288913
80.435985
132.072955
183.186826
224.059152
248.271541
251.934688
233.313509
195.469722
144.242887
91.314387
43.934221
10.804125
-0.739822
11.570814
44.722985
93.787754
148.919410
199.951817
237.185535
253.140256
244.635838
212.906547
163.223131
107.253103
54.775948
15.771011
-0.152326
9.465332
42.857419
93.603144
151.389914
204.191227
240.933395
253.158855
238.438233
199.996310
145.455680
86.269219
36.339463
5.329558
1.458638
25.054730
72.420057
131.315921
189.527947
233.883521
252.786690
242.803235
206.340001
150.521162
89.183793
36.387476
5.005804
2.609725
29.893179
81.384122
143.921067
201.812572
241.854133
252.915686
232.516815
185.872299
123.484689
62.175050
16.425823
-0.038533
15.417125
60.854238
123.157269
186.617866
234.567652
253.122292
238.617718
193.216876
130.130610
65.381041
17.186094
-0.214338
16.652033
64.907008
130.215652
194.600947
240.346149
252.827996
229.700219
176.512956
108.888427
45.683691
7.036772
2.848457
35.201569
95.411305
164.475798
222.983681
251.780040
243.246408
198.502626
130.978156
62.671417
13.382819
0.619830
26.157177
84.335161
155.432560
217.957874
251.015957
244.288133
199.045451
130.081564
59.736624
10.806025
1.192901
32.151429
96.000217
169.019918
228.889485
253.571550
235.143845
178.917025
105.222431
38.323763
2.261794
9.846732
57.731164
130.440156
202.528634
246.919595
248.880929
205.774656
135.187832
60.329011
9.742120
2.405891
40.379283
110.551263
186.918979
240.781236
251.880419
215.571302
144.808437
67.646864
12.140564
1.333719
38.357781
110.191738
188.270932
242.255365
250.972932
210.201957
135.576098
57.792773
7.166233
4.687773
52.184924
129.489775
206.123851
249.854162
242.971943
188.199306
107.041106
34.017076
0.293877
18.724411
83.932854
167.030938
232.737598
252.429103
218.547215
144.415311
62.098354
7.961928
6.025068
57.082982
138.868427
216.025374
253.007287
232.797669
165.271931
79.221990
15.522644
1.758341
45.285794
126.564566
207.386278
251.170801
237.397015
170.945231
83.244156
16.557204
1.408601
46.048021
129.917391
210.988552
252.460394
232.868612
161.240716
72.518349
10.370633
5.261844
60.069223
147.562122
225.919395
253.447283
217.280763
135.454047
49.228112
1.565270
18.426374
89.436381
181.015203
243.395026
245.963569
185.536901
94.810998
19.407816
1.925360
48.202926
138.243347
220.931605
253.487494
217.833177
132.814345
43.607859
0.653410
24.932225
106.685000
197.566818
250.976752
233.816416
159.186547
63.452749
5.606723
12.828504
87.473911
180.821721
247.118880
240.624699
172.803733
73.252820
10.570793
5.728342
89.115571
134.200723
123.417651
129.334979
125.300488
128.331636
125.900242
127.914278
126.199979
127.705738
126.371420
127.565363
126.487157
127.468614
126.569125
127.398330
126.630032
127.345056
126.677013
127.303320
126.714332
127.269757
126.744678
127.242188
126.769832
127.219145
126.791019
127.199599
126.809107
127.182811
126.824730
127.168236
126.838361
127.155461
126.850358
127.144172
126.861001
127.134121
126.870508
127.125114
126.879054
127.116993
126.886781
127.109632
126.893802
127.102926
126.900213
127.096790
126.906093
127.091151
126.911506
127.085949
126.916510
127.081133
126.921151
127.076657
126.925470
127.072486
126.929502
127.068586
126.933277
127.064929
126.936822
127.061490
126.940160
127.058248
126.943311
127.055183
126.946294
127.052278
126.949125
127.049518
126.951817
127.046889
126.954386
127.044379
126.956841
127.041976
126.959194
127.039670
126.961455
127.037451
126.963634
127.035310
126.965739
127.033240
126.967777
127.031231
126.969758
127.029276
126.971689
127.027368
126.973577
127.025498
126.975430
127.023659
126.977257
127.021843
126.979064
127.020042
126.980862
127.018246
126.982659
127.016445
126.984467
127.014627
126.986297
127.012780
126.988166
127.010886
126.990090
127.008926
126.992091
127.006876
126.994198
127.004703
126.996449
127.002363
126.998892
126.999798
127.001600
126.996921
127.004678
126.993602
127.008291
126.989629
127.012712
126.984644
127.018402
126.978075
127.026549
126.967728
127.040374
126.947656
127.073820
126.874825
127.427619
128.097469
127.961870
128.012492
128.002915
127.985483
128.006591
126.945736
127.128388
126.371247
125.199254
124.693398
124.133557
122.813239
121.755506
122.127955
121.963766
121.522724
120.740231
121.334649
121.976113
122.021892
122.717760
124.295152
125.179296
127.339149
128.896993
130.184593
131.258932
133.264824
134.950369
135.027671
134.908606
135.596067
136.091326
134.976588
134.786195
133.232941
132.257730
129.593269
127.697292
125.790830
123.280490
120.639975
118.665739
116.800588
114.997961
114.019486
114.071500
113.422589
112.895926
114.093916
115.698908
117.766481
119.512986
122.434667
124.516796
127.932040
130.783268
134.226950
136.708372
139.271412
141.690782
143.128801
142.817487
143.657180
144.048861
142.855227
140.103501
138.462259
135.544663
131.709688
129.133058
124.528075
120.293320
116.883728
113.926151
110.626064
108.406676
106.693373
106.108233
105.368361
105.638364
107.335250
109.637181
112.260419
115.352589
119.634909
123.949316
128.415773
133.310976
137.661963
141.620422
145.296955
148.975698
150.008698
151.190440
150.852360
151.124871
149.774899
147.101952
143.073520
139.581006
134.510912
129.775257
123.974478
118.565668
113.588130
108.882612
105.261226
101.432989
98.845681
97.935129
98.049734
97.958409
100.123303
102.873280
107.381619
111.597635
117.365924
123.486093
128.692683
135.409670
141.151562
146.585269
150.655679
155.359340
158.161326
159.090086
158.896903
159.127880
156.705063
153.103039
148.697722
143.690077
136.614183
130.428217
123.520752
116.744312
109.651508
103.570694
98.705985
94.348550
91.006186
89.844317
90.137675
89.857183
93.230311
96.856590
101.688733
108.228037
114.376860
122.046875
129.314709
137.745781
144.557765
151.722338
157.359415
162.250258
165.335419
167.083440
166.947367
167.035690
163.988472
159.488600
153.103768
146.942848
139.645358
131.858914
122.969201
114.346434
106.448336
99.459971
93.076682
87.706046
83.753304
81.922190
81.992031
82.682438
85.253341
90.499427
96.806737
103.716670
112.485639
121.056972
130.452101
139.813472
148.226553
155.971637
162.833463
169.031911
173.280556
175.065286
174.993738
174.361306
170.783393
165.626284
158.703316
151.203805
142.595237
132.558531
122.598148
112.574575
102.650008
94.071049
87.180624
81.041041
75.767507
73.974415
73.911269
75.376816
78.422593
84.403067
91.092784
100.225535
109.511822
119.453620
131.099753
141.326076
152.257416
161.017738
169.558670
175.190273
181.061566
183.072611
183.077358
181.616639
177.826208
172.467481
164.288230
154.803356
144.565181
133.453390
122.145040
110.920481
99.758876
89.634699
80.498367
74.139683
68.696601
65.920890
65.956947
67.290276
71.336765
77.404221
86.189557
96.218292
106.421361
118.714410
131.441372
142.981651
155.290551
166.008438
174.787823
182.051599
188.030247
191.222239
190.932718
189.823716
185.547806
178.587887
169.971771
159.086374
147.755268
135.018422
121.677063
108.704087
95.607391
84.911428
75.071633
67.479883
60.719352
58.028639
57.793020
60.058491
64.261479
70.539386
80.592385
91.876939
104.151530
117.949259
131.625908
145.448409
158.183948
170.492954
180.841799
188.557455
195.938442
198.264092
199.326577
196.877568
192.838232
185.018328
174.994582
163.624186
149.933402
135.899870
121.366890
107.033611
92.887016
80.370128
69.087999
60.932009
53.684574
50.883728
49.574354
52.152481
56.986801
64.929778
75.355206
87.474884
101.734113
116.291669
132.108320
146.897582
162.081652
175.227758
186.650302
195.766964
201.939419
206.485065
207.105495
205.168754
198.922118
191.290738
180.590606
168.134855
152.960020
138.052775
121.422199
105.526347
89.812114
75.679555
63.246952
53.794102
46.802778
42.772874
41.673233
44.012042
49.828475
57.983101
69.783100
82.950855
98.748990
115.033224
131.700221
148.742706
164.610781
179.811307
192.525331
202.335089
209.820368
214.487972
215.058090
213.301484
206.072297
198.323605
185.719797
171.522079
155.130357
139.140522
120.588250
103.550786
86.360070
70.363896
57.468070
47.229033
38.898830
34.836826
33.580656
36.626164
42.916068
51.830938
63.897537
79.290191
95.646281
113.244643
132.059849
150.803943
167.864205
184.439749
197.880709
208.904013
216.960753
222.341465
223.234497
220.589877
213.950807
205.295788
191.393292
176.008534
158.314261
140.060809
120.474773
101.327696
83.342866
66.528873
51.592310
40.121218
32.096909
26.605242
26.236116
28.890311
35.659513
45.783120
58.005448
74.912076
92.362794
112.342997
132.179021
152.391678
171.258403
188.804187
204.233743
215.967685
224.425316
229.827299
230.662017
228.313045
221.130705
210.530004
197.476801
180.253358
161.828928
141.697433
120.311221
99.762852
79.996672
62.078808
45.750624
33.607346
24.339592
19.432471
18.102522
20.887035
28.309159
38.921983
52.212419
70.436776
89.773737
110.590120
132.433850
153.823807
173.986195
192.789852
209.498174
222.563211
231.469233
237.748173
238.705980
236.332952
228.545727
217.132610
202.560358
184.985595
164.953227
142.851788
120.064968
98.385603
77.235264
58.161098
40.445229
27.087674
17.228826
11.604851
9.911280
13.573269
20.459936
32.933512
47.118260
65.644481
86.721138
109.122674
131.969480
155.373833
177.380655
197.965228
215.235243
229.037187
239.310306
245.689747
246.787763
243.781121
235.537292
224.265645
208.192976
189.707527
167.365427
145.077392
120.454817
96.898143
74.563974
53.149529
34.595308
20.744733
9.285671
3.754214
1.790303
5.605202
12.993317
26.105428
41.451533
62.113753
82.268739
109.288416
127.670533
126.536808
127.291115
126.805938
127.133530
126.907504
127.062914
126.959427
127.023081
126.991013
126.997359
127.012424
126.979207
127.028057
126.965559
127.040113
126.954796
127.049813
126.945980
127.057887
126.938534
127.064798
126.932082
127.070855
126.926367
127.076272
126.921210
127.081202
126.916479
127.085758
126.912076
127.090026
126.907927
127.094072
126.903971
127.097949
126.900163
127.101699
126.896462
127.105357
126.892838
127.108955
126.889262
127.112516
126.885709
127.116066
126.882158
127.119623
126.878589
127.123208
126.874983
127.126839
126.871323
127.130533
126.867591
127.134308
126.863769
127.138181
126.859840
127.142171
126.855784
127.146297
126.851583
127.150578
126.847216
127.155037
126.842660
127.159697
126.837890
127.164584
126.832878
127.169727
126.827595
127.175159
126.822006
127.180916
126.816071
127.187041
126.809745
127.193581
126.802976
127.200593
126.795703
127.208143
126.787856
127.216309
126.779350
127.225181
126.770083
127.234872
126.759935
127.245515
126.748757
127.257274
126.736366
127.270353
126.722535
127.285007
126.706977
127.301562
126.689322
127.320437
126.669089
127.342185
126.645640
127.367551
126.618105
127.397556
126.585272
127.433647
126.545399
127.477942
126.495888
127.533667
126.432684
127.605985
126.349102
127.703711
126.233281
127.843197
126.062023
128.058485
125.783272
128.433361
125.253212
129.235367
123.930533
131.244774
25.872175
-6.558562
3.522008
-2.360712
1.758816
-1.393140
1.148171
-0.972850
0.841256
-0.738869
0.656940
-0.589888
0.533990
-0.486666
0.446073
-0.410860
0.380015
-0.352764
0.328505
-0.306764
0.287161
-0.269389
0.253197
-0.238378
0.224759
-0.212195
0.200564
-0.189761
0.179697
-0.170294
0.161487
-0.153215
0.145430
-0.138086
0.131144
-0.124568
0.118328
-0.112397
0.106748
-0.101361
0.096215
-0.091291
0.086575
-0.082050
0.077704
-0.073523
0.069498
-0.065617
0.061871
-0.058252
0.054751
-0.051361
0.048076
-0.044888
0.041793
-0.038785
0.035858
-0.033009
0.030232
-0.027523
0.024880
-0.022297
0.019772
-0.017302
0.014884
-0.012515
0.010192
-0.007912
0.005674
-0.003476
0.001314
0.000812
-0.002906
0.004967
-0.007000
0.009004
-0.010981
0.012933
-0.014862
0.016769
-0.018654
0.020520
-0.022367
0.024197
-0.026011
0.027809
-0.029593
0.031364
-0.033123
0.034871
-0.036608
0.038336
-0.040055
0.041766
-0.043471
0.045169
-0.046861
0.048549
-0.050233
0.051914
-0.053592
0.055269
-0.056944
0.058619
-0.060294
0.061970
-0.063648
0.065328
-0.067011
0.068697
-0.070387
0.072082
-0.073783
0.075490
-0.077203
0.078924
-0.080653
0.082390
-0.084137
0.085893
-0.087660
0.089439
-0.091229
0.093032
-0.094848
0.096678
-0.098523
