0.102492
0.072863
0.004723
-0.005053
0.008855
-0.026165
-0.033896
-0.011761
-0.025953
-0.046078
-0.038084
-0.023030
-0.043835
-0.061894
-0.017445
0.011267
-0.019802
-0.029031
-0.034354
-0.075643
-0.060564
0.027483
0.061054
0.014603
-0.017289
0.016048
0.063251
0.057212
0.038754
0.037878
0.038452
0.042907
0.029771
-0.019572
-0.049269
-0.014638
0.004182
0.001385
0.028508
0.042697
0.057610
0.082698
0.054861
0.017345
0.016998
0.004693
-0.012471
-0.002753
0.027224
0.043359
0.040277
0.049077
0.059858
0.040287
0.012497
0.004858
-0.026170
-0.061012
-0.058769
-0.049477
-0.037721
-0.008008
0.030569
0.035538
0.007039
0.002516
0.030477
0.062273
0.061321
0.006680
-0.027190
-0.003382
0.019228
0.033428
0.052753
0.051342
0.010757
-0.021232
-0.010691
0.007008
0.030859
0.066928
0.056319
-0.024697
-0.096784
-0.098894
-0.067832
-0.056842
-0.040847
-0.006690
0.004599
0.011083
0.021334
-0.020758
-0.084691
-0.067060
-0.007952
0.002558
0.005930
0.004561
-0.031875
-0.049033
-0.044553
-0.028814
0.002348
0.011463
-0.008450
-0.035182
-0.044234
-0.019362
0.006172
-0.015816
-0.057577
-0.068891
-0.049242
-0.040377
-0.039016
-0.000759
0.017736
-0.009974
-0.003036
0.044062
0.088337
0.110268
0.098504
0.037558
-0.037220
-0.031779
-0.004515
-0.037843
-0.045003
0.114322
0.408580
0.689828
0.909030
1.000000
0.989403
0.941041
0.868229
0.796524
0.673405
0.552519
0.540363
0.567004
0.516247
0.426292
0.379562
0.368102
0.358070
0.364346
0.358761
0.278900
0.188808
0.180659
0.222786
0.247217
0.245395
0.212157
0.177329
0.216806
0.261043
0.269884
0.337411
0.357960
0.277637
0.249289
0.264211
0.256533
0.267008
0.278862
0.248518
0.209327
0.179052
0.163614
0.191347
0.217567
0.225282
0.238295
0.224550
0.199976
0.211196
0.248398
0.239087
0.190372
0.187852
0.187259
0.148354
0.134357
0.141149
0.129160
0.116780
0.126238
0.177313
0.254636
0.286654
0.266932
0.284797
0.321607
0.305302
0.299354
0.331231
0.344906
0.289037
0.218152
0.193179
0.183841
0.169204
0.150092
0.154517
0.136858
0.115598
0.143671
0.147600
0.116139
0.080551
0.069716
0.093248
0.129712
0.176957
0.213366
0.231188
0.208152
0.140232
0.099565
0.146803
0.189671
0.139075
0.105003
0.134472
0.168536
0.160859
0.129844
0.120072
0.104184
0.080417
0.075146
0.094903
0.109344
0.093013
0.068451
0.066859
0.103860
0.125822
0.102783
0.130005
0.187582
0.197299
0.214700
0.233173
0.209112
0.154424
0.101851
0.100984
0.128077
0.157538
0.228772
0.264066
0.195334
0.131500
0.120939
0.113672
0.114877
0.141031
0.146996
0.104332
0.044297
0.014092
0.016654
0.035403
0.054788
0.032883
0.027775
0.076558
0.096117
0.079657
0.055925
0.037719
0.070538
0.100439
0.081465
0.080981
0.090535
0.104848
0.109613
0.080907
0.074762
0.076913
0.090555
0.113229
0.092668
0.061102
0.037994
0.056851
0.101482
0.114549
0.116918
0.102849
0.103597
0.133513
0.125179
0.070564
-0.004689
-0.069352
-0.077358
-0.043410
0.008791
0.042928
0.029827
0.022108
0.076965
0.135351
0.116820
0.086601
0.076539
0.076344
0.112030
0.126125
0.084659
0.082761
0.126643
0.150274
0.180689
0.195304
0.153173
0.107610
0.135885
0.192829
0.185439
0.177221
0.194698
0.170686
0.116982
0.092361
0.091003
0.055976
0.046368
0.092437
0.076695
0.027907
0.044100
0.072024
0.039995
-0.028256
-0.054072
-0.043601
-0.058459
-0.092296
-0.094338
-0.048194
-0.018337
-0.072923
-0.135453
-0.133798
-0.133468
-0.146265
-0.148815
-0.147117
-0.123755
-0.090899
-0.074851
-0.063050
-0.064983
-0.076187
-0.065407
-0.057308
-0.048294
-0.021158
-0.026746
-0.031195
-0.014140
-0.032502
-0.047686
-0.039923
-0.037117
-0.049134
-0.033938
0.015236
0.029891
0.029959
0.025213
0.005265
-0.006216
-0.028194
-0.037687
-0.012630
-0.035539
-0.114036
-0.129538
-0.084346
-0.039807
0.018243
0.031861
-0.022597
-0.060091
-0.052035
-0.025832
-0.038323
-0.081660
-0.069038
-0.011251
-0.012529
-0.074075
-0.090237
-0.077900
-0.118208
-0.157903
-0.127402
-0.076649
-0.044442
-0.026237
-0.028656
-0.026993
-0.021092
-0.023661
-0.015878
-0.014654
-0.055622
-0.110785
-0.134874
-0.143544
-0.147917
-0.136551
-0.108793
-0.054195
-0.007510
-0.032541
-0.096489
-0.111717
-0.091885
-0.075867
-0.050940
-0.027328
-0.018384
-0.020627
-0.030147
-0.051392
-0.065575
-0.054766
-0.058135
-0.092085
-0.137375
-0.170188
-0.160927
-0.140438
-0.109782
-0.070477
-0.079517
-0.099756
-0.076347
-0.020496
0.028920
0.015891
-0.033173
-0.025786
-0.002910
-0.037770
-0.057555
-0.016352
-0.014847
-0.073024
-0.105897
-0.129767
-0.140617
-0.113172
-0.076871
-0.061663
-0.080663
-0.076194
-0.057830
-0.065324
-0.068428
-0.047031
-0.008379
-0.012544
-0.071750
-0.094869
-0.039623
0.013378
0.004244
-0.044106
-0.082226
-0.121308
-0.184423
-0.200865
-0.156009
-0.108228
-0.089292
-0.095861
-0.079127
-0.045303
-0.066636
-0.116851
-0.137091
-0.148052
-0.143372
-0.116284
-0.106638
-0.093831
-0.074605
-0.073059
-0.059971
-0.083745
-0.155034
-0.160050
-0.116076
-0.109249
-0.095609
-0.055729
-0.000573
0.127901
0.291519
0.481058
0.657347
0.766947
0.846657
0.821729
0.762376
0.719239
0.618120
0.559309
0.577579
0.574055
0.493890
0.414311
0.479279
0.572136
0.515665
0.424722
0.398072
0.348414
0.281957
0.267226
0.249558
0.181217
0.150199
0.175618
0.165238
0.172014
0.216752
0.213147
0.175338
0.143471
0.127039
0.138954
0.152226
0.162391
0.174609
0.159309
0.136099
0.151128
0.170717
0.144752
0.115589
0.137777
0.165544
0.137207
0.115223
0.123575
0.090107
0.062254
0.091013
0.100491
0.071663
0.058088
0.049271
0.043091
0.088054
0.139229
0.150668
0.180179
0.230675
0.236804
0.186992
0.137841
0.139037
0.128536
0.105593
0.124959
0.160135
0.159391
0.111847
0.087987
0.075838
0.048346
0.038890
0.036362
0.057839
0.090313
0.107286
0.146326
0.171657
0.135187
0.129424
0.153508
0.104498
0.039172
0.003228
-0.010593
0.005545
0.029793
0.076006
0.106319
0.063861
0.021841
0.044730
0.056132
0.000904
-0.017706
0.019563
0.034238
0.077483
0.140690
0.138358
0.079350
0.006970
0.002708
0.067562
0.075693
0.043522
0.027722
-0.006728
0.000116
0.057663
0.081301
0.070344
0.059334
0.050436
0.033339
0.017992
0.015040
0.009033
-0.006429
-0.007523
-0.000132
0.014049
0.076860
0.125967
0.082620
0.011702
-0.006326
0.015070
0.007989
-0.006517
0.025262
0.072460
0.114251
0.163213
0.205453
0.253608
0.302610
0.349125
0.418300
0.480219
0.497505
0.492153
0.533289
0.576433
0.571963
0.595406
0.619705
0.576242
0.483662
0.377836
0.333533
0.351779
0.349696
0.324219
0.266848
0.190870
0.192035
0.257589
0.274903
0.216857
0.181249
0.192222
0.169091
0.111975
0.058804
0.055685
0.097052
0.084149
0.042062
0.033296
-0.000005
-0.032296
-0.035116
-0.057724
-0.093817
-0.110246
-0.092780
-0.058485
-0.021892
-0.010798
-0.013137
0.000782
-0.006552
-0.051348
-0.093630
-0.102424
-0.090211
-0.095238
-0.128274
-0.137512
-0.099000
-0.046720
-0.027996
-0.060539
-0.103799
-0.138655
-0.178731
-0.184944
-0.169073
-0.167322
-0.147721
-0.135055
-0.151599
-0.136772
-0.105183
-0.074238
0.012923
0.122017
0.233686
0.369944
0.525966
0.705089
0.859706
0.849279
0.727460
0.666189
0.657059
0.631796
0.537402
0.464841
0.473549
0.452515
0.364882
0.289880
0.287619
0.316188
0.268062
0.142804
0.050945
0.035305
0.045591
0.047981
0.026939
-0.030500
-0.088965
-0.098657
-0.043599
-0.001152
-0.038820
-0.095675
-0.082243
-0.056392
-0.091653
-0.103193
-0.021086
0.174270
0.367747
0.444624
0.535630
0.646693
0.663276
0.574709
0.481580
0.495240
0.511982
0.474231
0.444666
0.401502
0.357150
0.326922
0.266489
0.179360
0.121067
0.105123
0.097856
0.041572
-0.059946
-0.085946
-0.057717
-0.047560
-0.022386
0.014564
0.037769
0.053069
0.208187
0.458604
0.579224
0.575919
0.503230
0.434724
0.409705
0.384392
0.328598
0.251296
0.189126
0.148430
0.121876
0.084749
0.067656
0.076980
0.044752
-0.006005
-0.008945
0.008391
-0.014176
-0.056688
0.008372
0.169913
0.264670
0.335504
0.436207
0.477695
0.473209
0.496462
0.467457
0.357590
0.297113
0.253028
0.161902
0.062593
0.031540
0.053390
0.011404
-0.043768
-0.050266
-0.054575
-0.028778
0.091205
0.249016
0.343803
0.377969
0.421122
0.433226
0.373551
0.322699
0.261261
0.210469
0.205816
0.154901
0.084471
0.048402
0.007581
-0.002459
0.063378
0.091319
0.048613
0.103347
0.297996
0.479629
0.533685
0.477694
0.426781
0.421831
0.384971
0.301683
0.182569
0.087870
0.061135
0.077386
0.122478
0.117376
0.037690
0.002641
0.107955
0.257981
0.354129
0.367906
0.288979
0.253637
0.271329
0.218816
0.144936
0.114040
0.102696
0.079456
0.072920
0.099835
0.059026
0.010259
0.112005
0.262839
0.366683
0.417101
0.384430
0.346978
0.342314
0.306246
0.219903
0.137637
0.083538
0.052060
0.023683
-0.033936
-0.055324
0.011366
0.130745
0.227626
0.281719
0.330055
0.309540
0.229192
0.169774
0.136338
0.153342
0.150437
0.070006
0.018944
0.042704
0.102021
0.176733
0.249954
0.306107
0.324698
0.304970
0.289608
0.278512
0.204874
0.076007
-0.009342
-0.017273
0.018831
0.092248
0.186128
0.238926
0.246002
0.280742
0.307609
0.263192
0.186839
0.145238
0.169148
0.159651
0.083919
0.051680
0.061403
0.091647
0.179190
0.267405
0.290925
0.257857
0.199759
0.168274
0.191312
0.209089
0.185972
0.141938
0.070667
0.075815
0.230179
0.341110
0.307410
0.238190
0.192864
0.180375
0.191055
0.155777
0.041113
-0.030722
-0.012756
0.060711
0.186281
0.244128
0.214520
0.166765
0.104266
0.087588
0.105085
0.101918
0.087949
0.062524
0.075683
0.111256
0.126446
0.134982
0.130927
0.165003
0.202163
0.177102
0.126335
0.083738
0.061175
0.058090
0.088685
0.120399
0.100381
0.095781
0.136046
0.134105
0.102819
0.097020
0.073619
0.024403
0.029562
0.113487
0.201671
0.229946
0.181926
0.093801
0.023991
0.006960
0.073627
0.111836
0.068707
0.092865
0.180850
0.232848
0.210534
0.148885
0.110080
0.110921
0.133120
0.128648
0.113027
0.130425
0.191276
0.242155
0.222567
0.212550
0.227427
0.176279
0.097250
0.069646
0.117501
0.179308
0.171986
0.134390
0.127583
0.124254
0.072340
-0.011064
-0.053347
-0.000791
0.128960
0.228326
0.238511
0.222417
0.225278
0.209762
0.115717
-0.023585
-0.052852
0.053396
0.159406
0.244975
0.299801
0.260332
0.189386
0.154340
0.107171
0.059846
0.101739
0.178802
0.196909
0.192164
0.189057
0.150425
0.083230
0.024117
0.026692
0.107145
0.191396
0.229911
0.220045
0.193217
0.131982
0.047929
0.050624
0.095968
0.104875
0.147353
0.202649
0.154042
0.085382
0.095191
0.087484
0.029216
0.006247
0.024119
0.043547
0.077725
0.113209
0.164905
0.204752
0.143933
0.050764
0.070222
0.204869
0.305493
0.282577
0.187540
0.094196
0.084329
0.138899
0.161979
0.164706
0.164187
0.162336
0.166894
0.148519
0.091661
0.021979
-0.011488
0.033158
0.109932
0.133411
0.112496
0.082533
0.066089
0.059829
0.052142
0.060895
0.085605
0.098294
0.067987
0.039376
0.060869
0.090979
0.101111
0.106478
0.167650
0.250417
0.251450
0.185767
0.090822
0.018915
-0.015573
-0.012991
0.007756
-0.001201
0.001630
-0.004505
-0.035274
-0.044390
-0.040003
-0.049063
-0.075760
-0.104020
-0.142007
-0.160981
-0.135281
-0.109172
-0.102650
-0.115255
-0.128999
-0.130534
-0.125370
-0.078348
-0.042483
-0.079984
-0.116130
-0.125365
-0.119386
-0.067499
-0.025544
-0.044662
-0.062935
-0.040694
-0.034209
-0.061787
-0.068494
-0.054754
-0.047707
-0.052859
-0.061666
-0.064855
-0.065180
-0.112293
-0.186657
-0.172439
-0.084586
-0.024000
-0.020447
-0.068337
-0.115290
-0.107894
-0.110933
-0.137715
-0.125688
-0.111224
-0.118924
-0.101188
-0.080201
-0.116145
-0.138471
-0.099707
-0.087816
-0.114752
-0.099498
-0.062116
-0.069788
-0.061655
-0.047021
-0.103501
-0.148425
-0.141398
-0.114042
-0.042166
0.017839
-0.017531
-0.082408
-0.083864
-0.053753
-0.052240
-0.104628
-0.160112
-0.144390
-0.101966
-0.095449
-0.145258
-0.197616
-0.164686
-0.105022
-0.080165
-0.044663
-0.003034
-0.014018
-0.060420
-0.092252
-0.096431
-0.070137
-0.050871
-0.054537
-0.058681
-0.070193
-0.056012
-0.021460
-0.015331
-0.012776
-0.010161
-0.012927
-0.006640
-0.001019
-0.016932
-0.076637
-0.124730
-0.100694
-0.050726
-0.038824
-0.038931
-0.070482
-0.157475
-0.142676
-0.026404
0.001003
-0.053683
-0.023464
0.054119
0.011431
-0.085895
-0.135275
-0.164411
-0.164025
-0.134676
-0.116153
-0.100240
-0.047523
0.024326
0.022265
-0.020921
-0.028990
-0.060556
-0.090011
-0.068045
-0.046757
-0.041000
-0.054620
-0.110339
-0.138046
-0.067035
0.008381
0.003078
-0.012920
-0.024816
-0.083046
-0.113017
-0.077382
-0.024483
0.017825
0.043049
0.058755
0.051086
0.041355
0.030269
-0.019019
-0.037381
-0.014075
-0.008197
0.028893
0.044736
-0.004317
-0.010235
0.039483
0.082274
0.085517
0.052657
-0.000421
-0.035780
-0.041287
-0.053475
-0.078513
-0.088221
-0.082622
-0.117108
-0.138906
-0.084965
-0.066828
-0.095553
-0.084333
-0.070134
-0.067229
-0.032923
0.023885
0.025312
-0.008299
0.038942
0.112877
0.116547
0.095934
0.107970
0.133836
0.152191
0.158028
0.115720
0.038333
0.021082
0.061011
0.054345
0.004704
-0.008672
0.003302
-0.014606
-0.036927
-0.034002
-0.005471
0.039345
0.041065
0.006529
-0.007737
-0.019666
-0.037052
-0.028367
-0.003388
0.016962
0.032394
0.049276
0.104483
0.178063
0.229615
0.283336
0.332327
0.383686
0.398424
0.333899
0.268393
0.255717
0.256915
0.233757
0.169417
0.065819
0.018601
0.046233
0.044467
0.015288
0.004445
-0.023757
-0.082604
-0.102582
-0.050244
0.003955
-0.008870
-0.046534
-0.008188
0.070510
0.080014
0.099578
0.188844
0.223571
0.253369
0.358488
0.453119
0.530344
0.562296
0.534636
0.486655
0.395260
0.298572
0.230338
0.149157
0.076235
0.066155
0.082362
0.075675
0.048368
0.018744
-0.011555
-0.021009
0.001274
0.000017
-0.015203
-0.031884
-0.084125
-0.078656
-0.022835
0.022485
0.174346
0.319729
0.358429
0.375715
0.365887
0.404633
0.504032
0.558445
0.516464
0.402321
0.342258
0.387819
0.432907
0.392968
0.256071
0.130827
0.100140
0.057422
-0.026013
-0.054975
-0.029293
-0.007037
0.021586
0.068225
0.073762
0.025579
-0.044387
-0.102153
-0.059788
0.065028
0.132718
0.175965
0.274131
0.357383
0.389499
0.404821
0.497138
0.610353
0.597999
0.509783
0.416290
0.362859
0.358682
0.324637
0.240673
0.165043
0.131750
0.109325
0.059205
0.023285
0.026105
0.022141
0.017176
0.018784
0.003138
0.012640
0.045838
0.049260
0.052038
0.069209
0.091742
0.134097
0.232140
0.379917
0.513775
0.628000
0.669796
0.612821
0.542283
0.505887
0.472074
0.427091
0.427124
0.401181
0.305434
0.220549
0.159107
0.140786
0.140314
0.093263
0.053443
0.085104
0.154906
0.172000
0.099262
0.017091
0.014670
0.058796
0.024278
-0.076487
-0.097142
0.003736
0.161771
0.316334
0.414161
0.456796
0.514811
0.581532
0.590350
0.574218
0.574437
0.554628
0.451859
0.310864
0.233783
0.201258
0.178956
0.133701
0.061581
0.016380
-0.005401
-0.052017
-0.076499
-0.033223
0.015840
0.036150
0.000115
-0.065733
-0.105630
-0.098122
-0.046945
-0.040882
-0.034956
0.105579
0.294819
0.443797
0.571260
0.648419
0.648533
0.598438
0.541332
0.463601
0.377631
0.330644
0.288652
0.241512
0.221747
0.186952
0.137842
0.119562
0.099895
0.052061
0.036639
0.064903
0.043762
-0.004780
-0.003843
0.039806
0.109873
0.129905
0.052873
-0.011395
0.018539
0.108192
0.217945
0.303943
0.345028
0.427182
0.526798
0.550941
0.533267
0.507853
0.466741
0.418149
0.380476
0.287437
0.177476
0.151782
0.145824
0.134115
0.154605
0.151477
0.078756
0.008099
0.005162
0.033506
0.012948
-0.033335
-0.038520
-0.005418
0.064933
0.113316
0.068624
0.097258
0.274997
0.401274
0.455777
0.492402
0.531097
0.595371
0.619077
0.566856
0.474617
0.416987
0.379643
0.329178
0.317311
0.307189
0.234103
0.165725
0.121133
0.076080
0.080382
0.081252
0.015999
-0.040587
-0.009353
0.068263
0.082949
0.024685
-0.030208
-0.045135
-0.039042
0.009172
0.093791
0.164023
0.272511
0.431624
0.499066
0.447457
0.458582
0.529712
0.524216
0.483462
0.425348
0.333135
0.267525
0.258882
0.256782
0.225875
0.193250
0.157830
0.113188
0.059556
0.002836
0.002010
0.020105
-0.023255
-0.087944
-0.104761
-0.052827
-0.015913
-0.017821
0.073110
0.187266
0.235559
0.346643
0.459230
0.508935
0.552177
0.592125
0.604676
0.519661
0.448498
0.495343
0.501688
0.403387
0.321625
0.261643
0.179200
0.141443
0.164351
0.155641
0.096251
0.073750
0.078109
0.034042
0.006503
0.026112
0.017817
0.003363
-0.010852
-0.031027
-0.010654
0.046634
0.168600
0.307932
0.385936
0.473134
0.552428
0.531485
0.486501
0.498597
0.495208
0.478220
0.478163
0.422005
0.328731
0.252616
0.170780
0.112757
0.103264
0.111337
0.145443
0.148565
0.059415
-0.002515
0.028012
0.059056
0.048984
-0.010106
-0.077429
-0.080245
-0.043399
-0.020222
0.011080
0.113453
0.244495
0.360223
0.474285
0.555195
0.601348
0.579705
0.501436
0.442613
0.408081
0.372941
0.295717
0.206743
0.174554
0.173714
0.187478
0.208176
0.178977
0.109859
0.068682
0.073896
0.068383
0.037520
0.018671
0.010337
0.008717
-0.001719
-0.012451
0.018270
0.046714
0.038554
0.062356
0.137340
0.206160
0.265080
0.278087
0.225385
0.230832
0.268803
0.258893
0.227595
0.166055
0.104674
0.076952
0.073435
0.074930
0.072145
0.066691
0.051913
0.021095
0.027759
0.092789
0.107801
0.057484
0.036676
0.051313
0.058847
0.049321
0.021711
-0.011391
-0.022769
-0.006412
-0.012585
0.000270
0.083532
0.102893
0.043217
0.026345
0.073928
0.109347
0.091757
0.080189
0.066869
0.033203
0.029360
0.050926
0.039943
-0.006041
-0.038655
-0.032327
-0.006073
0.007279
0.029607
0.031633
-0.057539
-0.095588
0.012922
0.090839
0.082506
0.065826
0.030564
-0.008138
-0.024731
-0.034557
-0.034004
-0.042198
-0.043605
-0.003893
0.015323
-0.004392
0.002634
0.020791
0.006435
0.014603
0.056361
0.022955
-0.061990
-0.095130
-0.110923
-0.105756
-0.040686
0.037098
0.091050
0.104611
0.078285
0.031466
-0.009096
-0.002949
0.038882
0.057007
0.008674
-0.056506
-0.059720
-0.034976
-0.022443
-0.009470
0.012404
0.034979
0.069007
0.082328
0.026858
-0.025763
-0.024897
0.017036
0.063908
0.087385
0.118848
0.161132
0.167140
0.137163
0.110824
0.112012
0.099334
0.027342
-0.010872
0.016851
0.057493
0.128420
0.159276
0.097890
0.062405
0.089465
0.070263
0.047902
0.088042
0.100661
0.092154
0.090112
0.074090
0.065478
0.050430
0.015364
-0.003628
0.035599
0.081326
0.066674
0.047820
0.030857
-0.021423
-0.036322
-0.006686
0.021938
0.072260
0.098648
0.082075
0.051974
0.013431
0.012156
0.023491
0.028059
0.048614
0.058669
0.055496
0.014989
-0.063512
-0.091145
-0.054271
-0.002391
0.058090
0.095928
0.065289
0.026131
0.048658
0.054902
0.015414
-0.000642
-0.000205
0.000394
0.005722
0.020183
0.031222
-0.001681
-0.029791
-0.004498
-0.007362
-0.037713
-0.019352
-0.013896
-0.062379
-0.096925
-0.089754
-0.093237
-0.090209
-0.041834
-0.015804
-0.017934
-0.036867
-0.073165
-0.063376
-0.029801
-0.030064
-0.028640
-0.038785
-0.097645
-0.122059
-0.082224
-0.048209
-0.046689
-0.052400
-0.030511
-0.026250
-0.042558
-0.023040
-0.049671
-0.122284
-0.101356
-0.032685
-0.017077
-0.015572
-0.001046
-0.002758
-0.032349
-0.050123
-0.038761
-0.054556
-0.102630
-0.082063
0.000288
0.035171
0.008820
-0.022195
-0.026763
-0.027352
-0.029442
-0.031851
-0.010133
0.009007
-0.037883
-0.064145
-0.006329
0.057692
0.046383
-0.007729
-0.035823
-0.026621
-0.015953
-0.022210
0.014670
0.054244
0.045816
0.017027
-0.040540
-0.055337
-0.031833
-0.053696
-0.067517
-0.044693
-0.035355
-0.064969
-0.086639
-0.058972
-0.036196
-0.019498
0.041188
0.078626
0.035705
-0.019258
-0.019965
0.035133
0.067888
0.038705
0.014390
0.014836
-0.014201
-0.083849
-0.121944
-0.108781
-0.077801
-0.036292
-0.035073
-0.079209
-0.099417
-0.065215
0.005594
0.047289
0.043243
0.028390
0.012894
-0.006128
-0.047454
-0.056506
0.007578
0.056438
0.034844
-0.008202
-0.019098
-0.007596
-0.012207
-0.007709
0.036053
0.040760
0.008530
0.019025
0.033322
0.027777
0.007586
-0.022801
-0.005666
0.037887
0.025921
-0.032969
-0.056768
-0.010651
0.073790
0.119879
