-0.63026933
0.17173088
-0.26776695
-0.42704739
-0.90597038
-1.50291021
-0.06312578
-0.74420678
-0.62932227
-1.37763720
-1.02031858
-1.13100994
-0.73638656
-0.11796647
-1.05308739
-0.56661266
-0.88925585
-1.28962992
-1.43629667
-1.12409096
-0.56645138
-1.26508453
-1.09197242
-1.25964804
-1.08570130
-1.95262205
-1.07567131
-0.16060124
-1.20124934
-0.11683846
-0.01942300
-1.02645093
-1.19617388
-3.71613903
-6.24520896
-8.22631258
-12.97910247
-16.37736403
-14.52616820
-8.95324505
-5.60993511
-4.51327972
-4.00632110
-3.18570949
-2.61742390
-2.64568243
-3.09315809
-2.91528337
-1.83700704
-1.35207916
-1.11657152
-1.88114723
-0.77621652
-1.57133274
-2.04209063
-2.34524157
-2.33832732
-1.49309515
-1.47869388
-1.79398101
-1.60438140
-1.67993795
-1.46162768
-1.02740136
-0.61803706
-0.71025738
-1.24628380
-1.07746771
-0.73434666
-0.66233136
-1.24203692
-1.78810174
-1.64029658
-2.68564064
-2.97977125
-0.58407456
-0.56686228
-1.09988041
-1.60859758
-1.95710811
-5.28136975
-8.46051300
-6.30596518
-5.46777541
-3.48246306
-2.24098793
-1.87175340
-2.39689193
-5.15723670
-4.24416790
-3.89939085
-3.80195648
-3.29847443
-2.03257327
-1.41148858
-1.55089470
-1.74235079
-1.24424528
-1.69779124
-0.83586687
-0.86005889
-1.60248727
-3.77754414
-5.16185183
-7.05172238
-4.19895131
-2.77622933
-2.38096116
-1.75662643
-1.20281101
-0.29461539
-0.79716529
-1.35491342
-1.50680724
-2.02576534
-2.66523882
-3.66495878
-4.63813875
-3.90752836
-4.16887456
-4.74349253
-3.78433775
-3.76500117
-2.54728499
-1.71374128
-2.43631456
-1.41534025
-0.57399728
-0.55379254
-1.04441270
-0.23958677
-0.66377341
-0.54274529
-0.48690317
-0.72199922
-0.36233003
-1.26155183
-0.74744961
-1.32606014
-2.15204473
-2.27430437
-2.61342067
-2.85534877
-2.80897297
-5.03860329
-6.70249932
-8.27821236
-9.07683409
-8.41015000
-9.62925340
-7.56067161
-5.60604080
-4.24984301
-3.73911327
-3.16147595
-2.03707211
-2.67289037
-1.40414692
-1.18153738
-0.80609283
-1.26134260
-1.06819477
-1.08289469
-0.10466494
-0.60829757
-0.50335330
-1.05042232
-1.23534551
-1.74950006
-1.47841622
-0.41757697
-0.19141046
-0.30768706
-1.32705177
-0.41094618
0.05850294
0.30925239
0.59817818
0.71066042
-0.22510858
-0.49276216
-0.73076648
0.13038115
-2.62812509
-3.74201054
-5.39947778
-6.59110878
-7.88432764
-8.07950430
-7.23210886
-6.95412136
-3.76604197
-2.49551377
-1.45720977
0.01168069
0.28937100
-0.58985557
0.30881013
0.04827143
0.38059957
0.25562511
0.29662979
0.38149466
-1.22670037
0.42436467
0.45333998
0.49993860
0.42298067
0.61499671
1.10080867
0.89022564
0.50959117
-0.29485066
-0.31285440
0.20744584
-0.20699511
-0.06817689
0.00005764
1.10847801
0.76403827
0.29076019
0.34862313
0.90861717
0.45483457
1.23390594
0.64343873
0.45183220
0.26248963
-1.14516769
-1.46735888
-2.08716159
-2.06510091
-1.95529288
-0.91445258
-0.41124100
-0.52296343
-1.96144646
-1.84698731
-3.63668094
-5.67802572
-4.61190971
-3.96114949
-2.57149850
-2.07221097
-2.47524172
-1.74573136
-0.45159537
0.06319122
0.01000379
0.55632458
0.18271025
-0.08710456
-1.01611970
-1.19113357
-1.01548614
0.64399600
0.53222004
0.45960628
0.34597628
0.17265483
0.61800223
-0.37907978
-0.18029616
0.10834371
-0.64865474
0.31396744
-2.53381868
-2.57327506
-0.89241410
-1.31944157
-1.49369090
-2.13421312
-1.74536216
-0.38128809
0.06069399
0.06040365
-0.88047761
-0.28153648
-0.39091836
0.05925847
-0.32402756
0.27144727
-0.34135183
-1.04148914
-0.97930774
-0.38056264
-0.98768933
-0.80228536
0.28309539
0.89785705
-0.08466278
0.31103716
0.37749435
0.18366267
-0.41469328
0.19507985
-0.00792601
-0.03995436
0.05168967
0.98707141
1.32953234
0.56408648
1.01039995
0.47627636
-0.15553775
-0.17867731
-2.24108790
-3.33920350
-2.35893276
-2.45634840
-0.49795414
0.76938993
0.75797061
1.09113192
1.55931363
0.91109848
0.36877992
1.08765465
0.85950880
0.86747198
1.76300250
0.99713929
0.80360127
1.33130115
1.42378757
0.91999033
0.83128816
-0.22165331
-0.18631310
-0.33400466
-0.10127685
0.12056238
-0.34257996
-0.34169755
0.69036600
0.73841175
0.82237044
0.76867399
0.54092354
0.64206371
1.19401970
1.01598456
1.42262959
0.95838956
0.47058388
0.79983454
0.96172292
0.88546363
0.87414444
0.49655566
-0.70600853
-1.71487878
-0.99918908
-1.53133440
-1.45580688
-0.56103321
-1.67602839
-3.55055882
-4.19823493
-2.35611757
-3.13974812
-4.06823405
-3.36045333
-3.08951391
-2.44330777
-0.95103249
-1.00509230
-1.86777592
-1.81059628
-1.81931211
-2.30738900
-2.27667339
-0.92625021
-0.78859779
-0.91544825
-0.73269756
-0.67742927
-1.26682087
-1.23641500
-1.45069198
-1.60537109
-0.83551761
-0.84369086
0.01251534
0.21690344
-0.10441193
-0.98742178
-1.14435450
-0.23322914
0.04127700
-0.64522516
-1.39642897
-1.45836111
-0.78640499
-1.18590189
-5.52324138
-4.62262260
-4.24002233
-3.69807319
-3.47742279
-2.99432915
-3.08773556
-2.47007355
-1.11268215
-1.53205581
-0.43108268
-0.19228403
-0.20919751
-0.33037887
0.63741888
0.18817162
0.49210828
0.05948765
-0.79491296
-1.51238973
-2.90667424
-2.75835587
-2.51563349
-1.02079266
-1.66323859
-1.05579052
-1.97042082
-2.34979564
-0.89278374
-0.45737273
-1.24774565
-1.58188729
-4.62100873
-6.22339981
-5.98328803
-3.98133854
-3.93432476
-3.86613619
-1.61664357
-2.18591689
-2.39786450
-2.41404641
-1.78145988
-0.86256580
-0.34345005
-0.89528036
-0.63203387
0.92466443
0.63316976
0.14387967
-0.22136966
0.57704879
-0.64020667
-0.29316626
-3.91432961
-5.63926498
-5.10088649
-3.80108079
-4.98592117
-4.61396879
-1.51047382
-1.15285852
0.18146470
-0.46181648
-0.25714874
-0.10887890
0.20209408
0.77065428
0.45868181
0.53646114
0.78256616
0.11194743
0.19869044
-0.19664069
-0.47155817
-2.11145837
-1.63948080
-0.81441124
-0.84929748
-0.23712467
-0.62975701
-0.57219037
-0.94012632
-0.39500737
0.24797164
0.25902674
-0.15695898
0.33048819
-0.32312095
0.16780363
0.51677400
0.52807552
-0.38781703
-2.85406124
-0.72560873
-0.43053628
-2.06654744
-3.80134025
-4.17304987
-5.22298820
-4.42850308
-2.52077510
-1.75573875
0.57424496
-0.11902686
-0.71548608
-0.72321383
0.08803965
0.55298699
0.56039994
0.04019311
1.17204103
-3.37660561
-5.72989712
-2.99613890
-1.13143462
-0.05557948
-0.72244708
-0.42191649
0.05719584
-0.64230020
0.77223405
-0.01819644
-0.54693344
-0.46700759
-0.68039256
-1.19025246
-1.61622401
-1.93089747
-2.41709813
-1.59714867
-1.35865083
-1.05128056
-0.59291196
-1.09378452
0.05788522
0.88511066
0.04315428
-0.05939021
0.61900008
1.24984953
0.40821660
-0.66827853
-1.34400887
-0.79060730
-1.35094763
-0.89258987
-2.34837626
-2.40912482
-2.05005602
-1.84639580
0.25334244
0.42015756
0.24126059
0.59664489
0.75601628
1.34588871
1.02847871
1.06193761
0.88614164
0.94295593
0.67720874
-0.30430405
0.44347575
-0.05324451
-0.11230960
-2.47271857
-0.97582379
0.06923329
-0.91079478
-1.32381080
-3.15188916
-3.29949118
-2.83339264
-1.69569766
-1.38584714
-0.74404796
-0.26321379
-0.40120816
0.00967956
1.06343699
0.70889664
0.37581786
-1.27204119
-2.31184395
-5.94666680
-6.05421057
-8.68336496
-8.14370757
-4.10854818
-3.39453287
-1.20906813
-1.24869278
-0.67977172
-1.91550154
-1.61319773
-1.25775654
-3.34995242
-4.91941433
-2.73390483
-2.13913012
-2.15821951
-1.08304579
-0.00238863
-0.06671068
0.29234880
0.37084890
-0.17216244
-1.53138057
-1.50008067
-1.79784282
-3.24256071
-3.09971300
-3.21608385
-2.90933513
-2.68790169
-2.08214400
-1.60489897
-1.12499526
-1.33781968
-0.08082658
0.30529527
0.33571208
-0.22980427
-0.63287977
0.32462864
-0.12041218
0.15555813
0.52320378
0.41302166
-0.00460826
0.57829511
0.28287583
0.43454790
0.82292048
-0.75744683
-0.60959550
-0.03310773
0.33239675
0.72585650
-0.60094593
-1.46992509
-3.57050971
-3.77477370
-4.19756666
-5.09380563
-6.01252791
-4.42285365
-3.50271392
-2.65071085
-1.78574481
-1.28876137
-0.57601454
-0.99534906
-0.56217894
-0.67140599
-0.82622634
-1.03040205
-3.64793797
-6.50895094
-6.74333583
-5.45673854
-3.88128583
-2.28586295
-2.13688688
-0.36160194
-0.50286672
-0.42115085
-0.05199596
0.28984098
-0.72497094
0.09640799
0.10681229
-0.42394134
-0.44103240
-0.86997102
-1.94206621
-2.26013957
-1.13384133
-0.42487887
-1.12417783
-0.57065926
0.00293857
0.32971880
0.69355452
0.86439455
-0.14197179
0.86837092
0.35436920
-0.07256560
0.62741447
0.78870464
1.34484278
1.21219113
0.64051324
0.41116586
-0.10038300
-1.09336533
-2.70501903
-4.05433672
-2.42526201
-1.78569695
-2.36361196
-2.05149156
-1.00099676
-0.49522459
-0.25757455
-0.23275898
-0.60254285
0.03080625
0.17244828
0.66921294
0.35476682
0.68018209
0.97778572
1.00131616
0.35458504
0.48614458
-0.56949429
0.63785976
0.52914199
-0.32793839
-1.20266890
0.07287479
1.08697655
0.87611052
0.75724823
0.27461618
0.98885677
0.07992408
0.00004545
-2.61680653
-3.04643288
-6.41719143
-7.89305067
-6.07484462
-9.08932687
-8.57206375
-6.69737329
-4.84717729
-2.68475926
-3.49969111
-2.84995317
-2.55604686
-1.45453904
-0.58064024
-0.57867441
-0.27245133
-0.54449465
-1.65865516
-1.83866075
-1.79623257
-2.42518259
-3.10519097
-2.74122540
-4.08830937
-2.73767614
-1.25524790
-1.93929320
-1.42369857
-1.15517843
-0.97951261
-0.61799361
0.42135008
-0.08779147
-0.07464642
0.39730778
0.18363470
0.50393090
0.45876736
-0.17032198
-0.29226022
0.23328835
0.01061170
0.59481348
1.30257266
0.02592279
0.16394634
-1.16333853
-0.74306569
-0.46790785
-0.03047449
-0.90533222
-1.45502576
-1.04230301
-0.93835018
-0.39798148
-1.39894221
-0.44425537
-0.33412004
0.06709029
0.71636446
0.39706209
0.47398905
0.28093747
-0.16086722
0.59916078
0.32388746
-0.68925872
-1.18894702
-2.28091195
-1.87775449
-2.19809307
-3.25533295
-1.74705458
-1.06799823
-0.28664083
0.51945968
1.18335576
1.69818588
1.03321172
0.37981445
0.77456828
1.50911338
1.04126055
0.84248616
0.99376094
0.88795363
-0.02302651
-1.50883461
-2.21454382
-1.83965748
-1.28261255
-1.30252951
-1.14095209
-0.25730270
0.37059560
0.66035648
1.49458491
0.83655096
1.08372470
0.26800038
0.13370081
-0.36588022
-1.03917286
-1.25122352
-3.01315922
-2.53730807
-2.33101259
-0.53018677
-1.07717130
-0.27979560
0.35154062
0.47650878
0.38072317
0.88911972
-0.01143139
0.58969817
0.15582443
0.35208869
0.78635922
0.45648153
0.44781332
1.01207420
0.99939579
1.41218465
1.25138248
1.13253824
1.01818449
0.70710664
0.66518340
0.54146767
0.46996861
1.14901528
1.02402577
1.21259116
0.21611923
0.17277604
0.82223738
1.03618995
1.35114825
1.01287989
1.07219431
1.31820199
0.29342935
-0.40379546
-1.11415045
-2.02954952
-1.94323904
0.20711621
0.44354169
-1.00284529
-0.50757675
-0.27459775
-0.61158625
0.01206516
-0.41022971
-0.65646268
-2.37961689
-1.90764094
-1.23979342
-1.61409080
-1.64986919
-1.80606220
-2.41593795
-1.66311727
-0.44313930
0.32517644
0.32551122
0.00465599
0.32495654
0.87168145
-1.00847561
-1.50614997
-1.59049079
-1.50444974
-1.16829415
-1.24685162
-0.11531584
-0.64083796
-0.18848054
-1.13539576
-1.19420886
-1.23160901
0.19799103
0.07190683
0.01706604
0.86306467
0.47526216
0.72623003
0.37599172
0.21331958
1.09283831
0.52462085
0.22128444
-0.26514698
-0.63663267
-0.01645897
-2.12532253
-3.61667241
-1.02070236
-0.60101038
-0.79818350
-0.36511144
-0.52321136
-0.52998580
-0.25194072
-0.49824203
-0.40817021
-1.34107471
-1.95703897
-2.08214732
-0.95004506
-1.01127319
-0.58454814
0.13502662
0.03502752
-0.69262463
-0.02018053
-0.01814573
-0.18323462
-0.58365985
-0.07824817
-0.14230509
-0.37313739
0.29699639
0.53552378
-0.10118722
0.70926959
0.54486312
0.36819075
0.38765066
-1.44927781
-2.71811495
-2.85634883
-3.11816816
-3.21681857
-3.27088790
-2.35664555
-1.49225369
-2.28224022
-0.79013498
-0.57031965
-0.47631955
0.07925633
0.05174320
0.16292396
0.47539644
0.15022139
0.77071472
0.78603089
1.02263015
0.76712385
0.69427311
0.82355496
0.41869224
0.14541690
-0.95518395
-2.11538025
-3.01886915
-2.96921843
-3.05089427
-2.93376495
-3.86072087
-0.96682948
-1.30581714
-0.99085846
0.01182741
-1.30849357
-2.42771857
-4.02784029
-2.66718612
-1.16467140
-1.29869029
-2.25226311
-0.91135926
-0.42715425
0.10359980
0.13644846
-0.45387712
-1.13129404
-2.33125867
-3.39824510
-2.22878027
-2.24020985
-1.59961259
-0.49071406
0.15788225
-0.33018799
-1.06345056
-0.30143403
0.25485768
0.78706619
0.12989267
0.53431169
0.69794600
0.49963496
0.72561569
0.98821009
0.77989650
0.11958202
0.48975924
0.14890904
-0.10425218
0.19244034
-1.90234166
-1.36094352
0.46439346
0.35146405
0.58025468
-1.10256740
-1.91396263
-0.58363290
-2.68285891
-1.64343604
-0.75636996
-1.54730452
-0.50192214
0.24457403
0.57711971
0.05943581
0.08580385
0.33286496
0.33139964
-0.27038633
0.26578314
0.51575932
0.58625348
0.92061698
0.90151987
1.50425676
0.93381561
0.12677317
0.62751611
-0.10666343
0.47511396
0.90682072
1.08164566
1.10965738
0.75337632
0.84566296
0.25624948
0.55566857
-0.49852601
-1.07104478
-1.61890585
-3.64931608
-3.07537283
-2.19101650
-0.56619865
-0.04253735
0.33831736
0.86304034
-0.14351098
1.72170746
1.03166913
1.05155198
0.83707484
0.60057861
-1.06688792
-1.53812246
-0.06636054
-0.32290070
-0.28646974
-0.47966384
-2.15401014
-1.85036481
-1.42346721
-3.13609051
-4.09664124
-3.65917954
-4.08984126
-2.02193308
-0.60265913
-0.50749658
-0.22053492
0.33022426
1.02915935
0.48590439
0.68247535
0.40041934
-1.68687174
-0.79136866
-0.03183433
-0.61794057
-1.51477241
-2.31161155
-4.78128705
-5.78007560
-3.36138840
-3.71757556
-3.48480328
-1.67758944
-3.09450183
-4.76525627
-3.38471673
-2.23281023
-0.69795721
-0.69009064
-0.30445125
0.17929303
-0.60430340
-0.33422508
-1.28126771
-1.89476804
-1.02515601
-1.46911356
-2.08394724
-1.59046961
-1.74969831
-2.73143070
-2.52438906
-0.29932812
-0.25743345
-0.43797207
-1.01841751
-1.02983513
-1.12642799
-1.98843014
-1.68133096
-0.76733020
-1.58584951
-0.63153392
-0.95921522
-1.01661616
-1.09848783
-0.44076607
-1.24442572
-0.78922327
0.36088514
0.16909042
-0.78761377
0.00994665
0.50154666
-0.78529148
-2.32245387
-5.34735277
-5.59774934
-7.13113010
-9.52617332
-7.77395456
-5.50015489
-5.88197817
-2.33250842
-2.29760781
-2.37920462
-1.10307067
-1.04630048
-0.57309062
0.68395167
0.34678567
-0.45502849
0.02015426
-0.92060540
-1.74858705
-2.08787451
-1.74881082
-1.67747181
-1.46691786
-1.96249913
-2.00987346
-1.38234259
-1.26758249
-2.19790432
-1.25293474
-0.47580554
-1.17939157
-2.21814266
-1.70862087
-2.02881112
-3.79035310
-4.02585663
-1.65833625
-0.88153353
-0.14159994
-0.84295277
-0.63404272
-0.19899195
-0.19867757
0.01331700
-0.71376841
-0.76115482
-2.02386672
-5.59254933
-5.78345438
-4.90949975
-4.21050069
-4.21464044
-3.91704871
-2.01184569
-1.59577293
-0.79603206
-0.75600932
-0.08698685
0.44111678
-0.01855441
-0.03793408
-0.29953655
-0.08641547
-0.68126532
-0.57095342
0.15583269
-0.31086661
-0.18326626
-0.39652798
0.04337407
-0.39371887
-1.86881074
-7.63276829
-11.72933140
-12.92921758
-10.51004632
-8.34889110
-6.31604511
-3.07942075
-2.24235864
-1.43852591
-1.36876925
-1.01069962
-1.06221538
-0.11760761
-0.18378712
-0.75219049
-0.36198140
0.02773993
0.44799862
0.23027559
0.21636503
-0.44120531
-2.11596359
-2.92718772
-3.66268926
-5.05005693
-5.86658371
-6.31019198
-8.78613949
-9.41859782
-8.49334353
-9.62467760
-8.72608867
-8.00914057
-5.23997167
-3.64795199
-2.90653797
-2.72309679
-1.63453299
-0.70795936
-0.60225995
0.01624181
0.16020685
-0.14327236
0.47211306
0.44072347
-0.22683230
-0.57603069
-1.56284984
-1.59993332
-1.02271068
-0.13315298
-0.87109843
-1.24215876
-1.12329531
-0.76501187
-1.01050925
0.25951833
0.05574813
0.64803909
0.29839050
-1.17281639
-3.78148698
-1.86781985
-2.34631966
-1.26654598
-0.25324421
0.11297240
-0.07949960
-0.07722008
0.59278651
-0.30840743
-0.45127836
0.29947949
0.97009296
-0.47180818
-0.46461960
-1.49829528
-1.76307186
-0.41935291
-0.41258501
0.74277436
0.11458478
0.53562701
0.02829635
-0.42161616
-0.45348968
0.20984546
-0.15176130
-0.96789413
-1.89199385
-4.14216927
-4.30692070
-3.31236077
-1.57224083
-0.48157856
0.28818449
-0.58771751
-1.93739418
-0.95352598
-0.80831416
-1.44973397
-0.83060890
-0.81263348
-0.89701355
0.20117879
0.23049475
1.07406378
1.61045277
0.30453709
1.30760661
1.52956895
-0.27274042
0.59841883
0.35789856
-0.02345850
0.02539659
-0.10128444
-0.33499283
-0.73746925
0.23039962
-0.29761081
-0.05678201
-0.51964127
-0.18410134
0.18219148
1.21577252
0.74874101
0.90067147
1.64118396
0.67277823
1.01495480
0.82156913
-0.64321380
-1.75554888
-3.77375094
-2.31013634
-1.90801706
-2.53330638
-4.97823757
-5.66772683
-3.22812023
-2.39544987
-1.36562085
-1.40245630
-0.28427966
-0.33788062
0.28501836
0.53880905
-0.11355874
1.05483349
-0.94732543
-0.73863826
0.93472917
-0.42864870
-1.71507509
-3.20540864
-3.56277569
-3.06963885
-4.74093995
-3.54959857
-4.54184628
-2.65879326
-3.92025441
-7.41229172
-6.09578981
-3.77992076
-2.06697027
-1.24819212
-0.91246174
0.12932889
0.55076791
0.45158611
0.27332439
-1.31341228
-0.47394856
-2.15399409
-5.26640973
-7.36305145
-7.32591920
-5.96785306
-4.00811599
-3.69243366
-5.43834203
-2.91064321
-1.02120668
-1.40824457
-1.63134450
-0.87861787
-1.61883074
-2.79075453
-3.25649332
-4.61868698
-4.05962644
-1.99550283
-1.66038586
-1.30994641
-1.47349348
-0.96751433
-0.08237714
0.37231934
0.07114505
0.57915827
0.76584842
0.59425171
0.64476458
0.99759215
0.54602662
0.44323577
-0.34945000
-0.09700878
-0.24006306
-0.25437750
-1.03951803
-1.71478544
-1.43317633
-1.25567849
-1.02349178
-0.39133918
-0.70454971
-0.23013447
-0.90713379
-2.31072059
-1.07556455
0.06257232
-0.99296588
0.18252243
-0.12689025
-0.24924188
0.30032556
0.21947201
0.55899487
0.57649107
1.52373257
0.40653409
-0.50006968
-5.26403385
-5.25886905
-3.16951010
-3.41155492
-3.26921512
-2.67975510
-1.45034065
-1.82974523
-1.59498065
-1.40965019
-0.22556902
-0.48225119
-0.29996368
-0.10706171
0.14679902
0.21841696
-0.07959979
0.38698463
-0.64509863
-1.52559210
-1.07516738
-1.15977870
-0.50545949
-1.58200863
-1.91944210
-1.96009913
-1.48668763
-1.62119891
-2.16189733
-1.25698558
-0.64212852
-0.30715268
-0.03970022
-0.83591786
-1.21246779
0.04904812
-0.29945628
1.01972360
0.19921247
-0.01484948
0.28979836
-0.33168185
-1.71450939
-2.12293334
-2.36659753
-2.26842631
-3.64515929
-3.50050621
-3.06534608
-3.54621381
-3.60277617
-4.24973851
-3.53256994
-3.55152182
-3.61881387
-2.73533535
-1.66177109
-1.64069720
-1.51778378
-0.85169409
-1.04208417
-1.03517793
-0.90521753
-0.42579859
-4.22071687
-5.27951789
-2.84372293
-4.40372923
-4.81396711
-8.51023711
-7.44203521
-3.40399019
-1.73934652
-2.12091963
-0.57291094
-0.12048606
-0.66833647
-1.00870823
-0.62726332
-0.55833633
0.10756154
0.48937890
0.21627088
0.93073023
-0.33805037
-0.94149812
-1.73001985
-1.60143349
-0.79965165
-1.88992213
-0.89725305
-1.44551233
-2.90705491
-1.78581432
-2.69848232
-3.34786168
-4.03322581
-3.06181583
-1.47177431
-2.29731098
-1.69499922
-1.04866624
-0.90199601
-0.45163479
-0.58114739
-0.56713881
0.47949186
-1.23791119
-0.58839827
-0.28696639
-0.97790759
0.13002217
0.79113487
0.58912740
0.50876153
0.59193921
0.20569016
0.41487584
0.55549531
-0.29410841
-2.93545306
-3.87387328
-4.11288520
-2.95414168
-5.17594187
-5.88316091
-5.44797238
-3.77089348
-3.10165108
-3.33224729
-3.14832522
-1.26123836
-1.11947616
-1.36611166
-0.94168426
-0.35290093
-0.02428114
-0.03408316
0.09271125
-0.76055863
-1.06020924
-0.30409850
-1.86169301
-4.49910995
-5.09251752
-5.12305186
-4.36946697
-3.58525684
-2.73842487
-2.30617857
-2.72576448
-2.17426715
-1.56511380
-2.34967076
-1.26924419
-3.31295417
-3.06911489
-3.69063498
-4.09684674
-2.33717288
-3.14103945
-2.09475519
-0.53434323
0.23760921
0.05414892
0.12214197
0.36087904
0.58084267
0.58039300
-0.23448200
0.19151018
0.25620167
0.36242852
0.62153701
1.10292156
0.22597030
-0.18847667
0.03931341
-0.77789888
-1.83085586
-1.69214572
-2.36178926
-0.94590699
-1.20203213
-0.98775866
-1.08385841
-1.54351162
-0.73230925
-0.64327945
-0.69031878
0.34462330
0.60156091
-1.36156500
0.20015197
-0.73715959
-0.66876136
-1.31920845
-0.72805702
-0.14908586
-0.99574619
-0.96878691
-2.28748731
-1.58461637
-0.98836185
-0.48623895
-0.81235108
-0.93650454
-0.63300980
0.18549543
0.59761547
0.24846473
0.17698912
-0.09965862
0.04706699
-1.01731570
-0.05302448
-0.18902301
-0.96365863
-0.82491541
0.02937947
-0.67986622
-0.67703323
-2.02758723
-3.70446893
-0.90447372
-0.56438937
0.34857449
-0.24441353
0.75833908
0.34955370
0.51701024
0.33016135
0.80508142
1.43031148
0.95752995
1.15084946
0.44679111
-0.89000303
-0.36984258
-0.10115677
-0.55833619
-2.66202877
-1.38144941
-0.67289424
-0.37345444
-0.24460104
0.23158250
0.85292599
0.17592955
0.12935092
-0.86439494
-1.55267437
-2.04188952
-2.82350690
-2.76180654
-3.37281131
-2.01864300
-1.68017126
-0.16662128
-1.23631444
-0.03896906
0.61054742
1.21048907
0.73297014
0.53170165
1.00286345
1.00613208
1.02632464
0.47664465
0.71756916
0.18836351
-1.15483278
-3.56551849
-2.85641557
-4.67973287
-5.12398083
-4.65183766
-2.79234934
-2.31814159
-2.81825963
-1.38469544
-0.88585648
-0.22888139
0.65346765
0.44405651
0.85437943
0.19702835
-1.65737805
-1.89222591
-1.99778588
-1.00666633
-0.40793667
-2.09582126
-1.76978516
-1.18505365
-1.19726212
0.31152906
-0.11870018
0.28257664
1.67184227
1.19301124
0.30929071
0.50925119
1.01843841
-0.03045975
0.49356812
0.94174333
0.38412751
-0.14107351
-0.78402102
-1.13595948
-2.62116645
-3.50259950
-2.63493417
-3.65009283
-6.51439223
-4.88378939
-2.95829600
-2.38410955
-1.06158245
-1.12033682
0.02525540
0.68976456
-0.07408964
0.39126144
0.26521672
0.56616890
0.77610298
0.62033555
0.67192598
0.06929335
0.21277814
0.03006188
-0.26133011
-0.63618178
-3.00221581
-2.99808149
-2.13034196
-1.47635310
-0.39144173
-0.35998002
-0.06688153
-0.56626416
0.41218113
0.63659443
-0.43385122
-1.40778422
-1.97988366
-2.94136184
-2.30417314
-2.23789624
-0.99542928
0.13147558
0.03857093
0.09522053
1.26127206
0.86759962
0.46131281
-0.09021351
-1.04148587
0.45235422
-0.15931003
-0.72923882
-0.63216611
-0.74984159
-0.94004326
-1.46237323
-2.58295629
-0.87159963
-1.35028630
-2.20934003
-1.95281255
-0.82041514
-1.71950317
-0.22285483
-1.43101137
-2.33875485
-2.42534508
-2.48602706
-0.67249319
-0.55671495
-0.19624398
-0.74193312
-0.13710314
-0.39352002
1.05656772
0.21063460
0.16102177
0.48242461
-0.63645625
0.84138469
0.02479883
-0.38155006
0.22476728
0.39831259
0.76076472
0.45475954
-0.98131942
-0.45449295
-2.07131479
-4.74802557
-4.45303202
-4.31276337
-4.32007280
-5.33622889
-5.92730011
-7.05461159
-7.47911217
-6.34077370
-4.64869232
-2.94071476
-1.79719854
-1.43582078
-0.92261234
-0.45005541
-0.30145736
0.19479810
-0.60133301
-0.58845369
-0.36668569
0.27190546
-0.17663827
-0.02047504
-0.36562072
-0.55602135
-0.13329136
-2.47063562
-3.24303325
-4.40230421
-6.97993453
-5.67955239
-4.22378230
-3.55378014
-1.81511926
-2.16814457
-1.50374076
-1.04673582
-1.01404172
-1.83368588
-1.16033876
-1.41319525
-0.77059758
-0.17901491
-0.09579443
0.20560538
-0.40942517
-0.69597705
-0.24515352
0.09040457
-0.65877632
-1.06865030
-1.60967252
-1.88610469
-2.15400280
-2.38403454
-1.75022677
-1.43139303
-1.44528441
-0.84943761
-0.89131521
-0.26437116
-0.40279236
-0.38214775
0.05688879
0.54370239
-0.18224677
-0.20339502
-1.18634783
-2.98450966
-4.53080938
-5.54542503
-4.07587605
-3.72802428
-3.47455523
-2.42890008
-1.94725210
-2.53733195
-2.83284164
-1.93749643
-0.19723858
-0.00684192
0.43575403
0.28070465
0.13782739
0.39349456
-0.06574719
-5.12624110
-11.96848150
-17.03775023
-24.09001450
-21.71475374
-16.13004943
-10.76024852
-6.85347406
-4.58623954
-2.58698481
-2.32159243
-1.78491913
-1.56395529
-0.97898338
-0.10206888
0.06888251
-0.32725934
-0.96885288
-0.13647608
-0.26381321
0.76679213
0.01701845
0.03064635
0.19441075
-0.04123615
-0.07984727
-0.42987488
0.17507460
-0.35207153
0.29317190
0.35368814
0.15037838
0.37845721
0.47850919
0.78195042
0.28101392
-1.64017122
-2.78899840
-4.13633864
-2.50855750
-1.81917275
-2.20379016
-0.83446758
-0.55632333
0.34774888
-0.14652967
-0.09310782
0.34273088
-0.08004740
-0.89871121
-0.85028215
0.03220272
-0.36053704
-1.02832003
-0.47762252
-0.18356477
-2.24620648
-1.99021004
-2.11851059
-1.72524753
-1.83711293
-0.29427400
-0.89789824
-1.81511318
-1.17206216
-0.95043044
-0.17769227
-0.33417807
0.19087972
0.92688648
0.36759603
0.35234294
0.69654211
0.07635359
0.57082460
-0.48189831
-0.15416157
0.00533282
0.40902719
0.19580727
-0.06221590
-1.17736329
-0.27601768
-0.02578622
-0.22539381
-0.09719675
-0.16640269
0.39299571
0.04670972
0.32332103
-0.16158234
-0.26215463
-2.54046920
-5.17556850
-6.58094562
-7.62785932
-4.19492908
-2.94402623
-2.97160407
-4.69171434
-4.63361551
-3.13051978
-3.79908528
-3.42466584
-3.66443111
-2.40402300
-1.21518381
0.51330991
-0.16314691
-0.74530230
0.76879961
0.25307293
0.38617254
0.51520453
0.43701579
0.39277168
-0.00901186
0.19568297
0.16538185
0.95086557
0.56021548
0.91780161
0.60047656
0.38196043
-0.39091429
-2.23505350
-4.07488779
-1.90772532
-2.79460376
-1.74631672
-0.58892436
-0.65799706
-0.15361362
0.37622284
-0.42221240
-0.15855379
0.63493117
0.50291172
0.15246486
-1.22222247
-2.80892492
-4.21678254
-5.86268153
-7.00793886
-5.37014224
-5.17486207
-5.48206671
-2.96955582
-3.37191966
-2.17549376
-1.00750200
0.27242228
-0.04527410
0.93399861
0.23382005
-0.41707823
-1.89096148
-2.84774634
-5.16986372
-6.43533292
-4.08717733
-2.00787525
-1.64985168
-1.11280093
-0.48891800
-0.37029063
0.13919175
0.22785246
0.48848894
0.18925017
0.26649391
-1.77184759
0.41260983
-0.37941915
-0.55897187
-2.30503360
-5.40301538
-5.41421388
-6.34677034
-3.12821939
-2.17249128
-0.42809110
-0.66469170
-0.71503917
0.51185452
-0.28827642
0.07658891
-0.34248652
-1.01495279
-0.05149421
-1.72163133
-5.11558201
-7.79738110
-6.10333305
-4.62811189
-4.59497321
-1.88721673
-0.52575659
-0.04291652
-0.63283433
-0.49168926
-0.70008675
0.25730326
0.17506468
-0.32264947
-0.03162574
-0.39434712
0.79272510
0.32593418
0.58692398
0.92379292
0.41426852
1.07547414
-0.65651025
-2.13317480
0.31799430
-1.69984819
-5.47250603
-6.53286838
-8.79867091
-9.37567755
-8.64829574
-4.23434225
-2.89219809
-1.90191483
-0.04117086
-0.46424636
0.29221065
-0.13774584
0.77490568
-0.30919753
0.56594752
0.88693657
0.98128998
0.02100933
1.17145242
0.99531130
-0.54514865
-0.94824689
-1.16611667
0.03190118
-1.04268263
-2.51364339
-3.04411091
-2.05566037
-1.51867374
-1.08659747
-0.39487824
-1.27323953
-0.63194978
0.35282649
0.31067005
0.29234839
0.76202221
0.50986703
0.44082675
0.81594674
0.50335449
0.39598221
0.62433134
-0.64844763
-1.40927256
-1.08224359
-2.46099504
-3.39418755
-4.52296699
-10.88825321
-15.27517271
-11.14310291
-5.33949273
-4.70108925
-2.23910752
-1.43599036
-0.85655325
-0.38066667
-0.14663278
-0.11817826
-0.56447324
-1.04928210
-3.24622395
-2.55289440
-0.37440533
-1.24363198
0.01784894
-0.12360124
0.39307262
0.87957612
-0.37383005
-2.49698037
-3.08264616
-1.56081575
-1.71873256
-1.68193119
-0.13608294
-1.66372793
-1.98647310
-0.01976422
0.24475817
0.60158815
0.94189681
0.62509226
1.15208713
0.93650661
1.21627198
0.47278114
0.45163036
-0.75228177
-0.89210768
-1.64917916
-1.59265509
-2.31131054
-1.91623301
-0.63239011
0.16649757
0.11218475
0.55654277
1.00019884
1.13750177
0.66046116
0.02212134
0.58197183
-1.09082145
-1.81375402
-2.88346807
-1.22302071
-0.69167005
-2.09765031
-2.26392528
-2.76006043
-2.58003072
-1.29545789
-0.47492319
-0.75558201
-0.76807915
0.09009554
0.69511012
-0.15236036
-1.17979690
-0.70500510
-0.56140121
-0.92707371
-1.34874604
-1.58691071
-2.44051036
-1.84213105
-1.63781601
-0.77699834
-0.19074417
0.16317319
0.89078123
1.01374006
1.32730232
1.34302750
0.11353806
0.61688967
0.76004989
0.70940159
0.69897473
0.91179433
0.19044975
0.80642144
1.85453843
1.11494648
1.00849498
1.11210988
-0.20262009
1.00362082
0.25751239
-2.56855793
-3.76759324
-5.56509956
-3.53922483
-2.39628084
-1.98277163
-1.28326928
-2.18645922
-1.24619278
-0.22313569
-0.55460391
-0.81224239
0.32337864
1.35660855
0.52031428
0.01271300
0.61894197
-0.01924895
0.66201146
0.57032869
-0.53239017
-1.18369780
-2.89077037
-3.58745950
-3.02559558
-2.27281925
-3.80650228
-2.89405000
-1.35813298
-1.71683999
-1.91125089
-3.27232839
-2.32806329
-4.11663024
-5.79998074
-4.21311772
-4.68022410
-3.15427709
-2.27955931
-1.77393147
-0.57847947
-0.62652187
-1.31576219
-0.53768411
-0.00897669
-0.72939563
-0.29735510
-0.43929500
0.13303394
0.07150329
-0.07221730
0.56104552
0.27457141
0.45590892
-0.17179701
-0.08835730
0.17306832
-1.45550650
-2.48654635
-3.87075097
-5.14846716
-3.23037312
-2.52166709
-1.50351859
-1.37712064
-2.01139379
-3.08444729
-5.70920933
-5.44978528
-6.84499057
-5.19787479
-5.18783836
-4.37369245
-3.60194918
-3.44136287
-2.80601930
-2.41233479
-2.16506149
-1.40847770
-1.94229383
-3.04665847
-3.28398699
-2.79861946
-1.94669068
-1.41717848
-1.86760083
-2.15146845
-0.94439470
-0.92742221
-1.67715432
-1.48408109
-0.76804840
-1.08902172
-0.62591496
-0.31800467
-0.18566252
-1.16099176
-0.30345545
-0.70506211
-0.87638376
-2.18744792
-2.75027810
-1.96771761
-2.32313672
-1.40567765
-1.53941239
-3.45220013
-4.58458468
-2.83299586
-0.75593466
-1.29595954
-1.27827139
-1.75670256
-2.01331012
-1.91088211
-0.60543060
-0.74210554
0.15197345
-0.38635227
-0.58655163
-0.02772496
-1.67907573
-1.54397672
-2.05076391
-1.46330465
-1.22707986
-2.18930550
-2.28290399
-1.81340131
-1.73195305
-0.83732345
-0.29337488
-0.49033041
-0.84053564
-0.81680755
-0.39954403
-0.11876467
0.07101883
0.13517540
0.84795832
0.47783725
-0.06779910
-0.59261557
-1.42305052
-3.22146644
-5.09304101
-8.68992356
-15.48357347
-15.89591625
-14.05589456
-9.58216276
-5.27144278
-4.31979176
-2.47933130
-2.59053376
-1.05239490
-0.16147543
0.05099518
0.72877510
0.40421253
-0.33912106
0.44582470
0.33494516
0.00665812
-0.09601587
-0.68461492
-0.46593153
-1.18721396
-2.43320185
-1.77123839
-1.89317617
-0.61600415
-1.53292095
-0.94989992
-0.25865964
-0.11469498
0.15272193
-0.18145663
0.10369107
0.33201823
0.79960016
0.53626227
0.09532030
0.66148764
0.42017793
1.14693153
0.24282336
0.25973429
0.15368539
-0.09459108
0.10118668
0.32946470
0.05665605
1.04977439
0.72660716
0.61507726
0.72903899
-0.08132393
-0.40937331
-0.90204806
-1.48607745
-1.70584086
-2.83549270
-5.38349979
-5.16536119
-5.03643839
-3.47207079
-2.97667872
-1.96791440
-0.94896743
0.04205284
-0.64796676
0.67403451
-0.16151246
-0.13902658
1.12526208
0.88601156
0.93245967
1.41070354
1.51874414
1.55468959
1.63424102
0.69292241
-0.67737951
-3.01215815
-3.77479331
-3.64196200
-4.77336118
-5.37886205
-5.74478125
-6.70440110
-4.50013760
-2.61444872
-2.10199934
-1.57062578
-0.52978186
0.08552112
-0.62589371
-1.12095461
-1.45756363
-0.44137837
-0.63507789
-0.81972041
-0.34178443
-0.53675942
-0.96699724
-1.11538919
-1.06177203
-0.00338881
-0.03067860
-0.82143838
-2.25719328
-1.46272593
-1.01921322
-3.03645942
-4.34874165
-5.83490502
-5.44343334
-6.35659781
-5.48425357
-3.90789122
-3.96943760
-3.09229653
-2.67276061
-2.11270234
-1.48061455
-1.84938494
-1.11422790
-1.14165200
-0.16868158
0.10563184
-0.78252113
-0.93220457
-0.13630944
0.32948940
-0.70530527
-2.14230894
-1.81605234
-2.25692497
-4.92151340
-5.79933285
-5.58019785
-5.83682079
-2.69006186
-1.67623411
-1.09107394
-0.77627051
0.19616668
0.46966145
1.04352693
0.47803347
0.15013929
0.66803513
1.27613174
-0.12878477
-1.78707135
-1.18827291
-0.15456700
-0.68700041
-0.76382696
0.58471264
0.38461384
0.06887820
0.00822449
-1.00332581
-1.26829425
-0.97484804
-0.63954415
-0.18095827
-0.54272588
0.51471818
0.83118101
0.62787937
0.59857130
0.71876568
0.69217453
-0.52967897
-0.40327683
-0.22155131
0.12916843
0.55655276
-1.19716348
-2.38563097
-0.01376622
0.14842581
-0.11414734
0.13126665
0.00853783
-1.47917445
-1.78347779
-1.29909277
-0.40675213
-0.34254472
-0.37895382
-0.19021867
1.48789328
1.56813470
0.42602331
1.52968234
0.54327993
0.64687294
0.91912010
-0.04536462
-0.39475091
-4.30147358
-8.40603818
-5.75620651
-3.92244540
-3.24767735
-2.22206999
-1.59555761
0.46645315
0.21551441
1.46980184
1.17456867
0.12925668
0.79072168
1.65812808
1.82159336
1.62149014
1.92013949
1.77504487
1.82466554
0.72723153
0.77904984
-0.01297273
0.02110137
-0.03091661
-2.37086510
-2.82052488
-2.76922960
-1.67438757
0.51872128
0.46966001
-0.62888876
-0.74404574
-0.88662904
-2.15519356
-2.65964006
-3.34048220
-2.64009488
-2.14926255
-1.88383461
-0.49404000
-0.11650528
0.81591837
0.40862321
0.83829486
1.57789984
-0.59571242
-0.67843498
-1.94844751
-3.44584382
-2.84808749
-1.87569959
-0.53747229
-1.99091000
-1.63617117
-1.74074939
-0.54366250
-0.32941134
-0.29648208
0.18439554
0.07277131
-0.33234502
-0.44814339
0.31955509
0.69993218
-0.02086132
-1.74781907
-3.38575674
-3.39977185
-4.33928182
-4.09461085
-2.48963127
-2.38029657
-1.14926490
-0.13780162
-0.52850231
-0.55962135
0.15467504
-0.64611044
0.44658624
0.23547945
-0.39909632
0.02737820
0.14085850
-0.62173751
0.08523217
-0.48354739
-2.99112588
-2.61432190
-4.06699167
-6.23012930
-5.52589894
-4.29066143
-4.12516443
-2.32269229
-2.22850791
-2.29106312
-1.50321615
-4.55420922
-1.31000002
-0.72736055
-0.74665325
-0.50474336
-0.64019735
-0.12199150
-0.35282964
-1.58047490
-2.03966819
-2.38698279
-1.25185388
0.14839727
-0.11698776
0.32362889
0.41447919
-0.18703035
0.30567511
0.77137649
0.37587743
0.81243657
0.08548918
0.24201203
0.76892473
0.15918658
0.57144990
-0.20872811
-1.26864729
-1.95491165
-0.87214620
-0.36302425
-0.27682054
-0.30005143
-0.06251403
-2.03719703
-2.87862095
-1.98064961
-1.67886639
-2.73300410
-1.75759211
-1.29945545
-1.41813414
0.10911127
-0.70557137
0.42773863
-0.79382620
-1.02397007
-1.10409249
-2.07207666
-1.77568423
-3.53273732
-5.61947552
-10.58617718
-11.62486822
-9.40706987
-7.78617979
-6.40166494
-3.36472928
-2.25921435
-1.25860927
-0.52483638
-0.57221642
-0.00623540
-0.14598027
-0.50754413
-0.13082170
-2.53651215
-4.50748682
-4.77483109
-3.40775896
-1.97635691
-1.72008659
-0.42098948
-1.13905988
-1.06231400
-1.14333314
-1.33158393
-1.30120220
-0.19780266
-0.37972478
-0.26709894
0.05888386
-0.85811154
-2.61337923
-2.04212572
-1.64400413
-1.33209778
-2.40083015
-2.62194280
-3.26165406
-4.45160057
-3.03372139
-2.56819676
-1.46697385
-1.51385677
-0.60688277
-0.41780521
-0.53364988
-0.95440003
-1.14218067
-1.66823859
-1.29787800
-0.39826723
-0.18652863
-0.51354411
-1.13581879
-1.88668175
-2.26327036
-5.27615036
-4.63029008
-2.95473923
-2.77687059
-1.88169323
-1.20105899
-0.34489037
0.64987604
0.20815801
0.58282197
1.37998700
1.24362926
1.26886957
0.44537257
0.92979968
1.28868740
0.30296268
-1.27159389
-2.01761658
-5.41067212
-6.63762219
-3.55603426
-1.98222736
-0.66933452
-0.37281217
-0.48462604
-0.77278729
-0.13473793
-1.21206169
-3.31918718
-3.92332986
-4.47142935
-2.20870203
-2.23575856
-0.18820073
0.27506670
0.44959242
0.46709089
0.50051256
0.91394630
1.15318167
0.02968590
0.72208180
0.48081471
-0.14175696
0.41904712
0.83431890
1.14701411
0.04373150
0.14873532
1.02090460
1.27621579
1.33933097
1.43251429
1.01255957
0.83201432
1.56659661
1.44912354
1.50086069
0.75873292
0.52712046
1.26561607
-1.01051431
-1.74346118
-2.67293705
-2.64144698
-0.94723358
-0.85854076
0.04048196
0.54087524
0.85709599
0.74869862
0.87313197
0.26874430
0.19755955
-0.96106369
-0.66740528
-1.42518816
-0.70377761
0.00286531
0.04530924
0.34863058
-0.23676955
-0.32068711
-0.75775305
0.27983509
0.41636604
-0.37028058
-0.74297366
-0.19679791
-0.73197335
-0.42103516
0.39302965
-0.90333892
-1.11203373
-1.35946358
-0.51444999
-0.25331219
-0.85033814
-1.25890578
-0.16307613
0.38318217
0.07302172
1.14723369
0.41907520
0.93129712
0.97429743
0.86617848
1.67634310
1.24478309
1.60543561
1.48268089
2.33740610
1.72697112
0.67537138
-3.29908820
-6.40798434
-3.76851211
-3.30103854
-3.57122588
-2.62715387
-3.97663961
-3.68481478
-1.42788785
-0.92820032
-1.96292861
-0.07073170
-0.35624613
-0.77513100
-0.50185646
-1.97209420
-3.73933854
-3.14679016
-2.74746734
-1.89572151
-1.34169126
0.01311601
0.21838411
0.32664628
0.58317587
0.52008582
0.32655520
0.32940941
0.52528493
0.66513785
-0.10231938
-0.11507054
0.05428227
-0.83572792
-2.41194917
-2.48918429
-3.01546374
-2.52464154
-3.02558551
-2.68653630
-3.22503861
-2.49022340
-3.17649331
-1.77457855
-1.06275734
-0.62745712
-1.22772174
-0.88831440
-0.83120496
-0.79694661
-0.16375898
-1.01746087
-0.24988452
0.26724963
-0.47196596
0.09806610
0.64766690
0.23602611
0.14989093
0.63709337
0.46393670
0.51475497
0.00352025
0.49212202
0.61757538
-0.01675945
0.35196901
-0.97258312
-2.07340436
-4.91410001
-6.83514206
-7.34960984
-5.36675504
-3.19958216
-2.58663836
-1.75432976
-0.78462784
-0.79136623
-0.80868009
-0.50353759
-0.97424011
-0.17486432
-0.21661770
0.15463187
-1.27634707
-1.77492932
-4.53089990
-3.27696590
-4.18074594
-2.55580259
-3.97941485
-5.62763917
-5.47264326
-5.06032487
-4.26686914
-3.79169264
-2.97053261
-4.32845565
-1.45263769
-2.07674386
-2.59044721
-1.87747843
-2.43526899
-2.03889896
-1.64709169
-1.44686902
-0.46652780
-0.79970518
-1.14446930
-0.54703554
-0.65250920
-0.39122124
-0.21507383
-0.54751368
-1.13405363
-1.24049167
-2.18254871
-1.75251544
-1.55582583
-1.40146737
-1.75479712
-1.82777445
-0.66377360
-0.70159391
-0.22941014
-0.56872434
-1.83970689
-3.25132349
-3.29834093
-3.61151778
-3.71115442
-4.14352839
-3.63716045
-3.06286638
-1.33277650
-1.17093417
-1.23471100
-1.61039723
-0.01965689
0.09557588
-0.07649950
0.12058719
-0.52432600
-0.28008402
-0.05669447
-1.72048741
-2.71165866
-2.76057420
-1.96662299
-2.04479647
-2.85575133
-3.07934680
-1.11726506
-2.15834381
-1.55831249
-0.81385046
-0.11356700
-0.32916653
-1.60559725
-0.15890806
-2.20272230
-2.70805964
-3.35432952
-7.08255330
-8.13349396
-5.50119447
-3.49664979
-1.97982422
-3.02117492
-2.69678864
-1.55191617
-2.07139904
-2.70251853
-2.36575750
-1.70469897
-0.63601032
-0.29378038
0.08430509
0.48669762
0.48609710
-0.34200541
0.80790591
0.20300392
0.16721042
0.04845362
0.03837236
-0.70688723
-1.01529484
-1.28163717
-2.53802280
-1.47301198
-1.67228867
-3.21647431
-2.88547128
-5.12731605
-4.44838210
-3.00286820
-3.24195428
-1.92679653
-1.51169142
-0.94518889
0.21736326
0.46372874
0.04573679
0.42136399
1.18938483
0.51229602
-0.35855851
-1.45959738
-2.85123329
-4.65209380
-6.52925958
-5.99334763
-6.26424092
-5.54278197
-3.39375685
-2.25080699
-2.38463403
-1.95262089
-1.35091995
0.17279992
-0.16266062
-0.61422376
-0.07076408
-0.67415575
0.09047333
-1.67644439
-2.55057623
-2.98061018
-1.38913532
-0.53576949
-0.72745168
0.13231504
0.22382227
1.06900908
-0.29692072
1.17714853
0.55154885
0.28960109
-0.36605597
-0.03549874
-0.73808956
-1.50545402
-0.70151091
0.20966647
-0.10148442
-0.22773357
0.77204349
0.06478774
-0.68462914
-1.02067765
0.59091831
0.33266216
0.91282280
0.92740596
0.39644899
0.57292174
-1.25796714
-0.22429273
-4.95908802
-7.91361996
-7.82256763
-7.97088412
-6.99648560
-5.23075282
-4.36607981
-3.10762592
-3.73679400
-2.14264579
-2.25940632
-2.54509774
-2.83509614
-2.76709193
-2.44253480
-2.57054820
-1.58676378
-0.95506247
-1.61279889
-1.03416947
-0.13283715
0.06196514
0.24642684
-0.64468559
-1.26921408
-5.23446623
-7.79985077
-9.27317007
-6.34807407
-5.32413160
-4.03110051
-3.53123449
-0.45193536
-0.39613567
-0.06538482
0.29921901
0.20755274
0.21864903
0.23530169
0.04749169
-0.82223402
-0.75621692
-1.84351289
-0.60294406
-1.46344306
-2.50262280
-3.56909481
-4.10410529
-4.07297962
-3.76343572
-2.03768389
-2.40940980
-1.02152730
0.40606424
-0.38158550
0.15044297
0.16341465
-1.77287529
-3.35296443
-4.78011354
-5.02936537
-2.85123280
-1.98778413
-1.46259294
-0.63376354
-0.00077537
-0.96574229
-0.13855616
-0.51789031
-1.03678431
-1.30120533
-0.91750707
-0.61249402
0.13988823
-0.22044612
0.59409477
1.12775201
0.42426414
0.62368380
0.19407914
0.36461167
0.06244323
0.09418494
-0.26088142
-1.52949266
-1.94050427
-2.17161756
-1.70722687
-1.48031042
-1.51778152
-1.09284566
-0.41480337
-0.66831758
-0.38120996
0.44456787
0.52502728
1.38341935
1.61146153
0.97300774
0.26510479
1.10982870
0.15861300
0.72772755
0.25533393
-1.08316705
-1.06676865
-1.54725880
-0.01027233
-0.10136678
0.00367650
0.11691597
0.24194312
-0.37909049
0.69454549
1.51816217
1.36620052
0.92187791
0.80803308
1.43066540
1.94490573
1.06327979
-0.10821136
-0.33827535
0.04673259
-0.63813607
-0.40378312
-0.82233881
-1.22346724
-0.52234597
-0.11810161
-0.57250865
-0.20728284
-0.42881689
-0.93881400
-0.68858401
-0.64902884
0.04373365
-0.23041030
0.82454783
0.07717731
0.01663870
0.07878464
-1.09717400
-1.02752439
-0.98980354
-1.18362056
-0.47370397
-0.60037644
0.43853694
0.77682308
0.58281739
1.32768269
0.77534360
-0.11712375
-2.29604181
-3.07034632
-5.75802891
-6.46353786
-5.61946187
-4.81311594
-3.23688352
-4.06658947
-3.55660280
-1.06107070
-0.20457309
0.37587520
-0.58378050
0.23660432
0.20848655
0.28743293
0.52722661
-0.73795254
-1.47291075
-1.35746693
-1.62821116
-2.02842877
-2.54391447
-3.52714817
-4.36762985
-1.60530353
-1.58423109
-0.31084211
0.13625084
0.38539489
-0.24306549
-0.09144636
0.45462328
-0.15379597
0.09235049
-0.61050545
0.08449471
-0.49575201
-0.38798918
0.14218589
-0.08232642
0.43759510
-0.44080841
0.33235898
-0.51836888
-0.49506604
-0.34770166
-0.16346278
-0.59203805
-0.18481892
0.72903401
-0.31229998
0.41730752
0.80955465
0.48898880
0.75830453
-0.22155952
0.08628919
-0.04915114
-0.13427474
-0.23341858
-0.96839148
-0.55344125
-1.78497273
-2.94907674
-2.93253137
-3.88358583
-2.74027997
-3.82190146
-4.58136640
-2.57493154
-1.43998766
-0.43345140
-0.15737738
0.02441747
-0.53881961
-0.07694096
-0.48526358
-1.16052861
-0.83895617
0.63921173
0.23916744
0.31174293
-0.04311026
-1.46694657
-3.46091613
-3.41588842
-3.96734504
-1.08145611
-0.66076877
-0.14234625
-0.19827923
0.22078094
0.27567363
-0.36263509
1.12453761
-0.00108220
-0.93823542
-1.87796524
-3.65939870
-2.34731562
-1.72737319
-0.71249914
-0.41413790
-0.57182526
-0.59408630
0.43126237
0.18614360
-0.62471516
-0.68683045
-1.07325362
0.25421618
0.64338187
0.51986401
0.44293172
-0.02517048
0.51800398
0.96165574
1.03389053
0.99587206
-1.02350469
-0.83847660
0.22516976
-1.03189641
-0.61717634
0.31098642
-0.04299628
0.83934024
0.30924150
0.64862751
0.81212843
0.63390930
0.99410094
0.39550419
0.29703862
-0.79183603
-1.08114079
-1.17920822
-1.81347699
-0.58303892
0.01023794
0.09622020
-0.02179140
-0.56598378
-1.17431570
-0.63548907
-1.03676442
-2.62366554
-2.77495906
-3.03798586
-1.95631503
-0.87309465
0.72183114
0.35138755
-0.23605830
0.03991977
-0.55840198
-0.54805631
-1.23045944
-0.32141171
-0.42019969
-1.08663908
-1.43096598
-1.64913820
-2.00831865
-2.39026548
-1.73552972
-1.10318940
-0.48802208
-0.20718179
-0.02464412
-0.03270842
-0.15700918
-0.30129935
-0.18145948
-1.14047036
-0.85060367
-1.78386656
-2.27782177
-2.23267552
-1.56525636
-0.68124156
-1.42519689
-1.63509898
-2.46078140
-1.14501056
-3.07792802
-2.62269052
-3.36680229
-3.42132506
-4.96106190
-9.58164810
-12.78131307
-16.30101462
-16.86971412
-17.63683326
-17.07571272
-12.79561418
-11.61569349
-5.81690602
-5.35228026
-3.10118119
-3.09876140
-3.13691871
-1.62518912
-1.06570316
-1.31853122
-1.87122085
-1.36221090
-1.99321505
-1.40805763
-2.18285819
-2.33985350
-0.75703077
-0.91306871
-1.74381849
-3.71360281
-3.27702909
-5.69822482
-7.63773281
-6.91032360
-4.91382220
-2.79662551
-1.88322851
-1.10751531
-0.76970817
-0.44940615
-0.11246243
-0.90333221
-2.24541746
-1.53470533
-0.91685107
-3.19304520
-3.38645685
-3.64616376
-3.34378959
-2.78702136
-2.22317374
-3.25031774
-1.57518629
-1.58394150
-1.18327017
-0.74959150
-1.77739618
-1.49990150
-0.85617853
0.05007469
-0.35257585
-0.56422603
-0.42223477
-0.49149659
-0.26178097
-0.70739544
-0.86125971
-2.36449550
-2.24942301
-1.66396631
-0.29591680
0.07503233
-0.43703372
-0.84715180
-2.10044646
-3.30915851
-1.69730708
-1.39908882
-1.95060020
-3.63106440
-3.90518175
-2.89010496
-2.66004077
-2.39698583
-1.54336766
-2.15892818
-1.55238298
-0.43519585
-1.43406362
-3.14262829
-1.80904922
-1.08130572
-2.65833469
-2.10110137
-1.35155584
-0.08136460
-1.53354638
-0.66972715
0.58091166
0.60736371
0.05224298
0.16035946
0.71282770
0.47019863
0.45387022
-0.17025169
-0.43233041
-4.55359888
-6.35068576
-6.39312090
-4.57474632
-3.20786024
-2.88319519
-3.46912028
-1.76589104
-0.71294371
-0.00173574
0.40292863
0.43934284
-0.31898082
1.03021890
0.33080126
-0.07590654
0.60288528
0.16501998
-0.00774653
0.32702494
-1.51685970
-0.72193001
-1.35225781
-2.39163980
-2.69529218
-3.12328608
-2.23085067
-1.62902788
-1.40304091
-2.13190885
-1.70368731
-1.68400660
-1.48736881
-1.27358506
-0.64260457
-0.36792652
0.18831783
0.01226149
-0.83614969
-3.46905659
-5.08332443
-5.43155418
-7.58781775
-6.88593753
-5.40098888
-3.21379807
-1.50462543
-1.22858321
-1.25010805
-1.27286276
-0.97267082
-0.54143773
-0.04057679
-0.11047260
-0.26985233
-1.36601630
-0.71689008
-1.90681215
-1.69235484
-1.91690890
-2.27002568
-1.04217470
-0.20746168
-0.88362368
-0.77189595
-0.53268577
-0.08754984
-0.22695197
0.03534758
-0.23290366
0.02869952
0.14143413
0.07268580
0.18580426
0.33346296
-0.32578207
-0.98644816
-1.69968479
-2.27605549
-2.78166674
-2.41270206
-1.19119357
-1.01807580
-2.20849218
-0.70543811
-1.18000719
-2.09705918
-2.60564253
-2.01947493
-2.20990815
-2.92521743
-2.60929534
-1.48265580
-0.37196214
-0.15728054
-0.42327065
-0.58555805
-1.49823730
-0.56976915
-0.63444635
-1.46034262
-3.18397440
-3.41737819
-3.58151025
-2.52263058
-1.21529807
-0.81848480
-3.66331464
-3.57109609
-2.81098383
-3.69095392
-2.56798260
-2.62121055
-4.39893829
-2.87008567
-2.63621124
-1.08035681
-0.96884400
-0.90303854
0.70465561
-0.18540030
0.23500984
0.96313936
0.26140097
1.30085597
1.22406280
0.63542491
-0.74560399
-4.17143074
-6.14766676
-5.33217818
-4.65812659
-4.50650853
-3.90771409
-2.11464851
-0.88144477
-1.46324509
-0.70103383
-1.19428667
-1.18640065
-1.40820869
-2.19823872
-0.55184090
0.27412085
-0.39493629
0.57027234
0.07728847
0.57799965
-0.91375468
-1.55408616
-3.15897728
-4.16049753
-5.61301382
-3.61108140
-4.12583421
-1.82363052
-1.53166978
-1.31883643
-0.09152430
0.56438712
0.02753329
-0.74422504
-0.83407765
-2.29956656
-3.37394292
-4.78403349
-5.08846677
-4.71613491
-3.23248668
-3.33259931
-2.23688310
-1.88531148
-1.13153250
0.05650665
0.28207355
-0.08470358
0.25294748
-0.93963967
-1.09347908
-2.71016270
-4.15037925
-3.57643695
-6.22329361
-4.76139310
-3.81614900
-2.12631854
-2.10205091
-1.80505622
-0.60049891
-0.13135557
0.38446974
-0.86893259
-3.05678956
-3.98551421
-4.98562396
-4.32591348
-5.04347941
-3.59785929
-2.45941859
-2.02015863
-0.93326356
-0.21778537
-0.27929390
-0.77674433
-0.24352393
-0.05953932
0.06085827
0.02593994
-0.24462044
-0.46533755
-0.84499206
0.26315898
-0.73273646
0.32807011
0.42800768
0.21436962
0.22724616
-1.62152362
0.37688194
-0.53157743
-1.05184694
-2.41310955
-2.42798969
-1.85678845
-1.23250043
0.26963821
0.58818969
0.52253444
0.26319662
0.25342238
-0.41613652
-0.56965786
-0.87118824
-3.58432757
-6.09541133
-4.34631779
-4.53243368
-2.91526125
-1.79133688
-1.70544417
-2.78125604
-2.67075492
-2.97482148
-2.66476443
-0.50680934
-0.95214966
-0.49236261
-0.34130109
0.29672357
0.61647968
-0.15517973
0.44766694
-1.05636245
-2.83747000
-1.79960064
-2.83959720
-1.36252053
-1.16880989
-1.10443775
-0.01272699
0.93072875
0.66665540
0.44980643
0.54382146
0.80829425
-0.31321716
1.12821872
0.22167213
0.57577529
0.23686639
-0.40372568
-0.75761539
0.10214130
-1.56847394
-0.86589523
-0.33834748
-1.16872740
-1.37386939
-0.06229025
-0.67426510
-1.41781992
-1.36034547
-4.09077598
-3.88102720
-4.41012326
-2.39058358
-1.17798033
-1.78595916
-0.69747095
-0.60712305
-1.30931596
-1.07574308
-2.66944932
-1.17054716
0.02619698
-0.21977367
0.16011904
-0.15016728
0.05203787
-2.52083240
-2.77069598
-1.76291805
-1.89625449
-2.81616496
-3.44543116
-3.28530050
-2.65270954
-2.44765666
-2.50085377
-1.38501706
-1.74253251
-0.34364508
-0.07010461
-1.91933850
-1.24907980
-1.60690418
-0.76486452
0.10153926
-0.64038873
0.11952060
0.10585818
0.37939917
0.66057546
1.06439620
0.43236791
0.14985895
0.15488321
0.57901880
0.60086330
0.75029953
-0.06678597
0.11743268
0.15079659
-0.70637216
-2.90271438
-5.29019251
-2.55133590
-2.09945915
-1.30349189
0.17947273
0.67602247
-0.88607587
-1.10919783
-1.16430998
0.81059102
0.82004969
1.38694236
0.76610204
0.76902961
0.89388161
0.82823566
1.27075711
1.59014989
0.45284877
-0.04874391
0.83773956
0.72790105
0.41348169
0.58600131
0.56652112
0.36499165
-1.41882705
-0.26934643
0.38042752
0.23666671
-0.15908402
-0.17635319
-0.00848654
0.99846398
1.09851202
0.13854979
1.00951879
0.56749281
-0.25138224
-0.27953045
-0.45830804
0.21348429
1.31405634
1.04644579
0.45693683
1.01026071
1.12966366
0.28614048
0.37001825
-0.04362677
-0.63060626
-1.83514757
-2.88926810
-1.20968378
-0.97546138
-0.59569942
0.14836552
-0.09212274
0.15053275
-0.19881167
0.48074137
-1.43464668
-1.72291498
-1.88588119
-3.04881943
-2.44317548
-0.83441578
-2.15742016
-1.58514499
-0.89842958
-0.65342562
-1.10174929
-0.64577618
-1.09447965
-4.05260836
-2.71638359
-2.50145283
-1.07934519
-1.52011509
-1.36517892
-2.57888010
-2.20929564
-1.07266172
-0.74220160
-0.57319247
-0.80982150
-0.17131738
0.77118198
0.19611874
0.64540434
-0.15366698
-0.88477023
-0.19332423
0.07274757
-0.38727924
-1.04454535
0.15229398
0.47127845
0.44737796
-0.05873343
-0.30672156
-2.43326749
-4.94110291
-2.38844085
-1.70660852
-1.00158464
-0.63391642
0.46593974
0.75399393
0.41629970
0.38307749
-0.97246526
-1.69665111
-3.11452755
-3.75236306
-2.67752922
-1.06154146
-1.47525119
-0.40101118
-0.20947979
-0.45117165
-0.44076629
-0.50067316
-1.14474316
-0.72782424
-1.13948687
-1.72923458
-1.36683211
-0.29267653
1.02272711
0.58995278
0.54666547
-0.15741809
0.94684483
0.97955364
0.81101327
0.11179195
-0.24411693
0.86022524
0.53652565
0.91287499
-0.00669515
0.54235429
0.01709289
0.53435331
-0.12808558
-1.24357171
-1.47297915
-1.06844193
-0.63864277
-0.44944984
0.29040137
-0.54835042
-1.30625583
-0.81981334
-0.02410089
-1.17235003
-1.43876981
-3.02792150
-2.32655751
-1.84498891
-1.96097109
-2.32754435
-1.53957578
-0.76055899
-0.90515747
0.13905047
1.06910662
0.54180171
-0.08102965
-0.10560803
-0.94507995
-0.53555819
-1.55116874
-6.26768307
-6.56978807
-5.94214145
-5.70967303
-5.46818203
-5.26040617
-3.25277752
-1.66098834
-2.45296145
-1.75224424
-0.88610065
-1.01370848
-0.58092175
-0.36269044
-0.14203846
-0.04004801
0.77903466
0.10172487
-0.39681876
-1.04302572
-1.86876722
-2.36068569
-4.75201545
-7.29542808
-4.81696521
-2.26370990
-1.48517304
-1.57439632
-0.23348227
-1.07392270
-1.20087978
-1.15973714
-0.12384597
-1.10502726
-0.68795232
-1.19372115
-1.44614999
-0.55831212
0.39854454
-0.12463056
-0.12075619
0.14781580
-0.79101295
-0.14205018
-1.31610315
-0.66086490
-0.74316149
-0.94618394
-2.21241685
-4.98223777
-6.35132167
-11.61205632
-10.44869721
-7.94760315
-7.64077020
-5.64008580
-4.38330344
-3.02185740
-2.86620080
-2.73413904
-2.67294510
-3.87564589
-3.06346256
-2.03286439
-2.02046478
-2.42062516
-3.28668116
-4.07545012
-7.19579906
-6.64953116
-4.64132324
-4.49981088
-4.47070769
-2.56688959
-2.52334409
-2.56536437
-2.90231734
-0.86133503
-1.56426826
-2.27003028
-3.26691921
-4.06904174
-3.03501790
-4.42448723
-3.33657256
-2.67167480
-2.09615676
-0.33350014
-1.43057512
-0.65969520
-0.98002458
-3.36817062
-6.44463671
-7.68663886
-11.18093572
-13.59261757
-11.17253914
-10.61629946
-8.93253177
-7.51566749
-5.26027297
-3.32720911
-2.95136042
-1.77767298
-0.64389790
-0.96694185
-0.87445408
-0.37528526
-0.34625546
-0.62902354
-1.41699288
-1.77516718
-1.81111430
-1.07270422
-1.37351852
-1.47658102
0.28034742
-0.02729209
-0.17369966
-2.89802241
-1.73718155
-0.89870655
-3.38308100
-2.80639027
-2.42550986
-2.86068243
-2.82757465
-2.30662373
-1.45197141
-1.68192400
-0.90031095
0.26292943
0.61734349
0.16933792
0.57816608
0.02217164
-0.68494131
-1.26101169
-3.94376186
-6.37921140
-4.51423514
-2.76152324
-1.61052933
-1.05046933
-0.42062032
-0.15475840
-0.50606328
0.56617958
-0.66615954
-0.31666553
-0.03425486
-0.02093681
0.10370176
-1.16994630
-0.28329567
-0.54864908
-0.25519361
0.65415451
0.24422696
-1.09601244
-0.89339307
-0.62516824
-1.09099020
0.42031182
-2.32074497
-2.28476579
-2.92619247
-3.88683308
-2.02368576
-1.65264469
-0.12623990
-0.60248425
-0.96724333
0.50119287
0.13620680
-1.08100202
0.52644399
-0.10643527
0.06220711
-0.50518567
0.69208719
0.12749718
-0.68936177
-0.69276573
-0.84971460
-1.19740961
-2.43768849
-2.47663334
-1.55165895
-1.49333761
0.12880811
-0.24898841
-0.45621895
0.66219337
0.49400312
-1.16565024
-0.48535591
-2.78089215
-4.38941554
-3.21982851
-2.59685093
-2.61350165
-0.92663935
-0.81581319
-1.04727080
-0.76799199
-0.71333331
-1.14186216
0.37332094
-0.93668397
-2.06036531
-5.05635964
-6.54368559
-4.35898063
-2.42090209
-1.31241790
-1.75935182
-1.35962158
-1.11743515
-1.37880744
-0.46691362
-0.27524966
-0.27401251
0.41876485
0.13378416
1.05427299
-0.05350589
0.39052092
1.30422587
0.45073103
0.46574054
0.24225036
-0.31837788
1.08230779
0.24668897
0.90365247
0.43024957
0.53343219
-0.06970398
-0.15387004
0.52911547
1.05891412
0.60872994
1.26373468
1.25222470
1.30426315
1.44618244
1.32750386
0.89776435
1.26210520
0.35481449
-0.34179747
-2.02969023
-4.14379565
-1.56441517
-1.60478969
-1.87852188
-1.78665813
-0.66283040
-1.50877318
-0.88193786
-0.65374535
-0.55798884
-1.46411901
-1.32719856
-2.03272739
-3.61703697
-6.47825023
-6.79855628
-5.71570250
-4.27277030
-4.53446829
-3.78983008
-4.41140445
-3.52611195
-2.56970518
-3.58423410
-2.11135609
-1.08388077
-0.29118403
-0.27980569
0.59864725
0.60579045
0.31987466
-0.69706047
-2.67411326
-2.28029030
-1.54906846
-1.70866302
-2.62225631
-2.53721542
-1.97297109
-1.14307906
-2.86889205
-3.14191603
-1.64349381
-1.95170102
-1.53537660
-2.95077314
-3.09437940
-2.14485692
-1.30557194
-0.88984806
-1.46924804
-0.66121878
-0.20182771
-0.05669954
0.68250934
0.47375224
-0.39459247
-0.20317963
-0.03967075
-0.75195182
-0.07245242
-1.53790197
-3.92364122
-3.95596182
-2.20612722
-1.88994073
-1.34884620
-1.15237453
-1.36624540
-0.41481606
-0.12633704
0.65822007
0.37686067
0.36185393
0.62341938
0.65765708
-1.07284557
-1.87925578
-3.95642445
-2.71664759
-5.31112786
-6.65911268
-4.98803489
-5.22303157
-4.55026779
-4.39321308
-2.22955792
-3.44429625
-1.99202295
-1.37437344
-1.39474582
-0.32697677
-3.10198941
-2.11235754
-1.88259416
-2.84861641
-2.67715727
-3.06628023
-4.34371381
-4.57230738
-5.82645613
-4.13677555
-1.90128239
-2.29415981
-0.75057489
0.42087531
-0.40013359
-0.22734904
-0.78237225
0.00990350
-1.07200828
-0.80487247
-2.66212778
-4.34769998
-3.73575914
-4.85260195
-5.98737524
-5.69038087
-4.93219412
-2.86778733
-3.06088168
-1.84890644
-0.99955913
-0.78573789
-0.01305164
-0.04797388
-1.18821318
-0.22769068
0.14336266
-0.58087135
0.15053699
0.81334695
0.07544623
0.21964208
1.17105073
-0.47633750
0.76060457
-2.17587643
-3.57273740
-2.75665164
-2.47308021
-2.53169718
-1.57624764
0.24706124
0.71310490
0.69970582
0.91517235
0.76976119
0.17248548
0.32477207
1.06124618
0.32048131
0.01880647
0.15222715
1.10776007
1.75845497
0.39216225
-0.11157673
-1.29705796
-1.08996426
-2.82474954
-4.19992174
-4.89980208
-4.40490929
-3.15261899
-2.52247987
-0.94500470
-0.19865207
0.51209810
0.97755590
-0.05716906
0.07371119
-0.77981061
-1.36656251
-3.43939335
-6.65425065
-7.38751921
-6.56459006
-5.18806993
-3.76237441
-3.92054038
-2.37702687
-1.06360069
-0.84208472
-0.24324716
-1.67517416
-0.92872884
-1.56245147
-1.67072203
0.17451714
-0.57056712
-1.02620979
-1.03608520
-0.59611560
-0.29770594
-0.33136851
-0.16073105
-1.83499639
-2.05637563
-1.70687709
-1.94272221
-0.53389176
-0.59932832
-1.20845692
-0.09391186
0.19260627
0.32074476
0.81761933
-0.37474106
-1.39557903
-2.78702335
-1.68607830
-1.63966351
-2.80417676
-3.45627003
-4.52378039
-5.34446690
-4.08336662
-3.97228623
-4.82014620
-3.95514184
-3.09037675
-2.61055565
-1.18009207
-0.68416264
0.15476891
-0.22222625
-0.39265455
0.50882498
0.49428874
0.95496690
0.88901964
0.32524424
0.53223939
0.27863867
-0.22001178
0.36520860
0.53090026
-0.22970274
-0.98667397
-1.39289947
-1.17032774
-0.36855270
0.02463774
-0.23448154
-0.51974497
-1.38538037
-0.89067567
-0.55831553
-0.41982029
0.10741226
0.49612273
0.65253849
-0.35361586
0.88225610
0.81227620
0.46798430
1.48578106
0.02384179
0.30635599
0.27531313
-0.44994514
-0.11698231
-0.04197844
-1.88026710
-4.91966111
-3.02929149
-2.91580205
-2.74082706
-1.09759762
-0.07153890
-0.21421295
0.42971248
0.09406781
-1.46466032
-6.70556762
-5.97835076
-3.94713446
-4.34723060
-1.88679546
-2.31333228
-1.76650995
-1.56459171
-1.25509490
-0.19402841
0.50117097
0.80907253
0.23807528
-0.56536178
-0.24862154
-0.15569334
-1.45017243
-0.19385691
-0.22819779
-1.30083896
-0.28536617
-0.69780185
-0.15101108
0.23241720
0.64898688
0.61781436
0.75344415
0.87157255
0.29091877
0.85225593
0.59645730
0.01154601
-1.59607039
-4.77460199
-7.59645770
-8.40016606
-10.32352517
-9.15132892
-6.59820524
-4.93336154
-5.05607136
-3.29761109
-1.06721641
-0.82039096
-0.34991686
0.29991731
0.00951058
0.17627877
-0.13876725
-0.22531698
-0.57554483
-0.33323391
0.32581545
-0.93953324
-0.76869426
-0.58335655
-2.85378523
-1.38479003
-0.82437972
-2.59200034
-1.18379771
-0.53990013
-1.64018614
0.18985763
-0.25712688
-1.33300716
-0.97824728
-1.16313883
-2.03661334
-0.86339849
-1.19964821
-1.15813037
-1.66880752
-1.31573288
-1.82871319
-2.83666307
-3.79239150
-5.53860147
-3.71426441
-1.98286923
-2.84106596
-2.96682698
-2.41861005
-3.24283754
-1.92434233
-1.93125136
-1.29551065
-0.48745367
-0.49589358
-0.96998742
-2.73114306
-2.33891255
-1.93497491
-1.98202169
-0.50039795
-0.11033010
-0.84176208
-0.75040031
-0.06104311
-0.93759653
-1.07772313
-2.11164100
-2.47727129
-0.75251862
-0.47978266
0.04503144
-0.90030324
-0.05948140
-1.01985910
-1.57734159
-3.26843091
-3.03645868
-3.32645802
-4.02169568
-2.39841788
-3.67503629
-3.50372393
-3.29626303
-1.47722154
-1.14811718
-1.01087115
-1.47979705
-2.91675437
-3.36684761
-3.30015504
-4.00142889
-3.67661408
-1.56722326
-2.52442781
-2.34584209
-3.32842207
-3.02974953
-0.51669606
-1.26348064
-2.17360355
-2.47200781
-3.75787383
-2.17959493
-0.90860247
-0.93334208
-0.24971789
0.33331438
0.26723807
0.55540640
-0.25605188
1.13007198
0.88594317
0.36848357
0.39411788
0.61974427
1.18376551
-0.27503090
-1.04800804
-0.27551278
-2.02007768
-2.47341965
-3.59329207
-3.68886589
-3.15509066
-1.30393313
-0.88179294
-0.10145924
-0.73277383
1.11398978
0.79167638
0.44583279
1.50670232
0.72420270
1.05246462
1.27181723
-0.10789899
-0.66154791
-1.99083661
-9.72953865
-11.02707759
-10.55764603
-9.58500660
-7.03433652
-8.37667983
-4.42070241
-3.49754017
-3.65211600
-3.12159420
-2.09451193
-2.01364872
-1.17467388
-1.15481045
-0.60121695
-0.07161308
0.04589999
0.44582649
0.72139134
0.68478717
0.51738761
0.30707935
1.07220521
0.61722005
0.75813346
-0.52149299
-0.75269451
-2.32804399
-4.64537373
-4.76033052
-4.05844825
-3.24672636
-2.58831125
-1.62662936
-1.34569169
-0.61278834
-0.55595781
-0.66877831
0.16431029
1.31032549
0.77464497
0.50212276
0.46159090
0.82769638
0.61369876
0.07871447
0.55731421
-0.06165285
-1.44031975
-1.75622431
-2.93759518
-0.38274459
-0.50260069
-1.06334075
-0.19837047
-0.22792124
-0.25494718
-1.34162479
-0.44638325
-0.45443561
-0.48882939
0.18656741
-2.31170707
-2.54607466
-2.65317605
-1.44868807
-0.68288759
-0.60067250
-1.05600094
0.11762736
0.70830809
1.08388106
0.91803993
1.13738891
0.38342292
-1.67332492
-2.75240172
-2.37584926
-2.27400980
-1.57803139
-1.58532931
-5.77598399
-3.95345673
-2.46395999
-1.28851641
0.08606975
0.45431546
0.55349629
1.48878861
1.04811767
1.32673764
0.90473049
0.54031068
0.83526658
0.78505748
0.23914113
1.25578845
0.59312541
0.40326517
1.04892404
1.28065890
0.17840666
-0.15738676
0.31541507
-1.57687619
-1.56296907
-1.04038358
-1.10014474
-1.71703301
-2.46240960
-2.96140624
-5.14805370
-2.02305603
-3.42638478
-2.92406553
-0.86022527
-1.01120517
-0.50220226
-1.22678945
-1.35034716
-3.35862863
-5.26213147
-5.56880602
-2.63805606
-1.85441664
-1.90702075
-0.45173084
-0.78432670
-1.26546383
-1.19972288
-0.00521603
0.01415429
0.58313122
0.70868459
0.63754191
0.04314288
0.33456990
0.38300140
0.37142463
0.43354190
-0.60141819
-0.02990979
0.77639836
-0.49242117
-0.19403219
0.41853354
0.94627996
-0.30625166
0.02157920
-0.16906168
-0.05448357
0.37758830
-0.20370663
-0.87544297
0.28319653
0.63799497
0.39586769
-0.09046897
-1.23834552
-2.86002661
-2.81911165
-1.60463799
-1.75391323
-2.58822707
-2.32617315
-3.04401917
-5.63119722
-6.21685698
-3.55879241
-3.02371460
-3.39990217
-3.65606582
-3.12703433
-4.47614400
-4.21793212
-5.40191499
-3.16580045
-2.56739991
-1.52524542
-1.23332967
-1.20617855
-0.02869592
-0.44303123
-0.85367940
-0.39655236
-0.51596202
0.07707093
-0.48284473
0.45109853
0.17950729
-1.59419464
-2.50864981
-2.99450755
-2.72130210
-1.82425505
-1.92792615
-3.43192909
-1.99464897
-2.99087713
-2.22464513
-2.12034347
-0.84579299
-1.48425733
-2.29902453
-1.10355959
-0.46312816
-1.64169862
-1.66853312
-1.04899124
-0.61474198
-0.20104363
0.14244085
0.32323627
1.10173573
0.72260559
0.35220304
0.58211797
0.80566246
0.40144902
-0.60249954
-1.62750227
-0.84340814
-1.17807760
-1.75915699
-3.28407088
-3.18488276
-2.53560388
-0.55911559
-2.40626369
-2.68910104
-1.93293869
-2.49267571
-2.34939761
-4.33004773
-2.44257404
-4.88345452
-7.08798585
-6.61476596
-4.84404696
-1.83540105
-2.21793784
-1.13500683
-0.15916061
-0.10668184
-0.32118048
-0.01798054
0.57737906
0.51681881
0.70643794
0.30100412
-0.12117034
0.28288898
-0.14473791
0.55559675
0.26238075
-0.68942293
-0.44330562
-0.68269685
0.13628058
0.15913763
-0.41026629
0.68792477
0.44213456
1.00296414
0.59244717
0.96691273
0.46562983
0.57832737
0.71274090
0.85949878
0.43531072
-0.04176743
1.23171999
-0.06947165
-0.30531071
-0.87945211
-1.64545806
-2.65663617
-2.64449317
-3.50879679
-3.08641767
-3.84958194
-4.18762989
-1.01139630
-0.15926609
0.58762783
0.80247903
0.85864651
-0.31258504
0.77849116
0.33535142
-0.83447975
-0.38652373
-0.28217338
-1.16592458
-1.16442379
-2.60610877
-3.75946692
-4.29511337
-7.97926363
-10.14149847
-8.19571814
-7.07339513
-6.31373910
-3.58781264
-4.05614571
-3.65382380
-1.42238303
-1.95210378
-3.07921552
-3.18194946
-4.03186544
-1.55164785
-2.29859984
-2.94451816
-1.08469669
-1.25954358
-0.14647816
0.10458269
0.97980887
0.89165841
0.67215523
0.29555263
0.46336278
0.93401213
0.74944569
0.50748452
0.38378867
0.60737924
0.21617303
0.60515417
0.39445585
-0.64940012
0.14401626
-0.58901592
-4.48038339
-6.13320248
-5.31149814
-2.43090066
-1.43159675
-1.90797876
-1.20930380
-0.38610608
-0.01390356
0.47564367
-0.21892528
-0.45283381
0.45875981
0.53216346
-0.25108069
0.27280032
0.21406187
0.25093850
-0.48512844
-1.58918989
0.19033108
-0.30931167
-0.97039343
-0.36908137
-2.01298409
-2.11655287
-2.08280597
-2.68297853
-0.58821800
-0.61742970
-0.04227068
0.85934592
-0.02576759
-0.25781851
0.58302528
-0.21664324
0.11363149
1.01660525
0.26086046
0.11678769
0.46321013
1.01770006
0.57587194
0.51014892
0.39926314
0.70392082
-0.10778404
-1.94559761
-3.94489287
-5.99353400
-5.18360772
-4.76412871
-3.53912594
-1.84610834
-0.91501908
-0.00029714
-0.33965278
-0.39374880
0.39156864
0.56173624
0.48235937
1.26827256
0.82605656
-0.32598075
-0.25546487
-0.10153438
-0.29084510
-1.80321415
-0.52208472
-0.19388832
0.07798399
0.69476733
0.07771709
0.24135636
0.09335214
-0.20465552
-1.19319978
-1.96444714
-1.49053728
-1.58349560
-0.24778655
-0.84648572
-0.42173781
-0.77087747
-1.42544775
-2.60968151
-2.39057431
-0.72129013
-0.04506842
1.32212552
-1.05958143
-0.11162286
0.07039384
0.53959492
0.56432206
-0.76941453
-1.21680058
-1.64677444
-4.32473703
-4.74411714
-5.03019182
-6.55002923
-3.08303564
-3.35345318
-1.34405252
-1.06891415
-1.64582033
-0.45922166
0.20239364
1.62262473
1.21855968
0.87793876
1.33332467
0.75698271
0.76634551
1.02230763
0.03382846
-0.92400003
-4.29646765
-6.11385604
-4.09553397
-1.39965360
-1.28107909
-0.55198690
0.70899369
0.20687951
0.43515620
-0.76378738
-0.00826096
-0.55746516
-0.17967991
-0.18099832
-1.20243102
-0.38005730
-0.98250017
-0.69457859
-3.69624070
-5.30806485
-5.58313374
-4.06109886
-3.83018569
-4.54693191
-3.17816184
-3.21557393
-3.57112057
-2.05001226
-1.01560740
-1.33845910
-1.43661362
-0.99364079
-0.85118126
-2.11093783
-0.89061456
-0.80158574
-0.05760254
-0.20948432
-1.40350852
-1.71027847
-1.01454717
-0.89149935
-0.68953069
-0.30561845
-0.34283444
-0.23034497
-0.44648651
-0.81836301
0.03623230
1.00886219
-0.20361377
-0.11349880
-0.13533330
-0.15946646
-0.24882719
-0.79025341
-0.49825044
-0.32625390
-0.01814825
-0.28813107
-2.23382255
-1.48504561
-1.46568238
-3.00651806
-6.00266725
-5.22714754
-6.78545864
-3.86493996
-1.68680719
-1.14271244
0.07220058
0.03554341
0.98753614
1.09942520
1.43768665
0.80314416
0.80632755
0.74095683
-0.55597030
0.11158472
-0.12699261
-2.52687637
-3.07414980
-3.47371647
-4.71214141
-6.38918765
-7.22785758
-5.79760982
-3.16524739
-4.88899211
-2.67039226
-1.25457021
-1.56372994
-1.18506847
-0.54817450
0.25922047
0.55098726
-0.01111259
0.61083673
0.47339209
-0.84639525
-4.34268767
-2.86137258
-3.39617131
-3.02652514
-2.41228431
-1.73692565
-0.20413462
-1.14333506
-0.40512500
-0.60976496
0.02544082
-1.64668852
-1.01457015
-2.63965987
-4.06722469
-3.12453311
-2.04938042
-1.72076765
-0.60767849
-0.99527730
-1.58488983
-2.80278645
-1.58215210
-1.42044848
-2.37955682
-2.25019883
-1.64116275
-1.00232111
-1.36967610
-2.22944864
-1.86388181
-3.07963365
-4.89847202
-2.56113715
-2.20948155
-4.41584310
-3.74504366
-2.78192655
-3.88732611
-3.63239017
-2.55684938
-1.99474511
-0.98920097
-0.85269664
0.38519258
-0.46671877
1.15139739
1.31160146
-1.26651752
0.72414168
-2.01292714
-1.83513907
-3.90792465
-4.75077163
-5.58024222
-4.34607192
-3.87380349
-2.34904762
-1.43063051
-3.50382367
-3.16269674
-1.19101987
-0.24070304
-0.41309079
0.15560494
1.00018823
0.74968812
1.81785567
0.48916710
-1.11594776
0.05166613
0.63972991
0.37253011
1.11626026
-0.11668472
-0.74071183
-1.42085629
-4.72200553
-5.37346602
-5.77450541
-4.35952588
-2.62315921
-2.25339668
-1.09936970
-1.53850959
-1.33987120
-0.28225297
-1.60037242
-2.02435774
-1.51937090
-2.48931350
-2.98636473
-2.64599785
-3.07156562
-2.66053578
-1.60660497
-1.53151707
-0.39056395
-1.39090173
-0.61555723
-0.20109113
0.42614512
0.49466940
-0.37871904
-0.66172377
-1.98975553
-1.79315623
-1.29665060
-1.44822766
0.21988679
0.44041592
0.05412357
0.55823727
0.71241324
0.88361260
0.78414444
-0.17037367
0.33623263
0.18390380
-0.00493388
-0.87817414
-3.16354891
-4.97129120
-10.67998118
-11.49824708
-9.93632487
-8.83410314
-6.28060528
-5.67227032
-4.33957264
-2.20134434
-1.56029583
-2.03246554
-0.94115842
-0.62749633
-1.51345428
-1.59733601
-0.51503830
-0.85346799
-0.44915441
0.08321493
0.24273058
-0.63468365
-0.08182472
0.71273493
0.19218405
-0.25246545
-2.24220893
-2.36886723
-3.01510127
-2.85541715
-1.32264789
-1.22098785
0.09890774
-0.26170072
-0.76071197
-0.79262100
-0.76156975
-2.02542527
-2.41257580
-1.56748853
-0.34666767
-0.96090636
-0.39763499
0.14046767
0.41875879
0.52004206
-0.47187498
-2.20622342
-3.30126993
-4.63646433
-5.02424188
-5.94530257
-3.76865031
-2.10991385
-1.70797955
-2.25122329
-0.70216898
-0.57036747
-0.78594141
-0.06431356
0.16089946
0.56718457
0.88897317
1.15551440
0.61547337
-0.08087405
-1.78255860
-4.15072513
-4.72345752
-4.21662647
-3.67357532
-1.79964352
-0.65931547
-0.77229969
-0.52661415
-0.89941002
-1.16359847
-1.66693733
-1.50410949
-4.37421069
-4.05706539
-2.21980176
-1.36019947
-0.52720579
-0.14276717
0.54778413
-0.50041054
-0.90615813
-0.88850919
-1.92456543
-2.53950854
-2.49120301
-2.51286742
-2.88963123
-0.70463356
-1.32662779
-1.01224029
-1.01791900
-0.29257745
0.14392500
0.29592905
-0.01187090
-0.25003230
-0.22390440
-3.29167975
-6.52466961
-4.49791136
-3.45321075
-3.94792225
-2.97698895
-2.99908044
-2.48532124
-1.63325595
-2.82330997
-2.77373874
-2.75344477
-2.74338530
-2.93249074
-3.49098400
-2.37374357
-2.11172113
-1.77422827
-0.60421404
-1.56467212
-2.22281473
-3.01085999
-0.72947980
-0.19047522
-0.87962711
-0.20170370
-0.14899785
0.66607214
0.43158969
-0.17318449
0.06274355
0.32973977
-0.20550960
-2.37584451
-0.97192528
-2.13806288
-0.86756209
0.16700146
-0.83609354
-1.40723261
-0.50258170
-1.84979515
-2.60254369
-0.78861761
0.00202050
0.12451322
0.44328577
0.54100304
0.95308547
1.26556416
0.84365249
1.61044572
0.88572969
1.07576718
0.48984002
0.83084658
0.15960125
-0.57775969
-0.21228335
0.24780927
-0.29589065
0.55531418
0.77825996
0.34710349
0.38258119
-0.41583134
-0.01323263
-3.41349020
-4.97494943
-5.86843109
-6.34805429
-7.40028388
-8.52135144
-6.68094971
-5.03907243
-3.98569551
-2.12628483
-1.41495818
-0.66856984
-0.68276100
0.43453914
-0.74590558
-0.68747387
-0.02499797
-0.58549615
-0.67925102
-0.35898105
0.73168876
0.65932957
0.47292287
0.47642540
-0.54915368
-1.53544116
-2.73089315
-6.43012280
-6.41856383
-4.33241556
-3.06763552
-1.45408366
-0.69089508
-0.46322790
0.50745631
0.85770367
0.46449461
0.37840918
-0.84794454
-2.77464406
-4.61612797
-7.93411885
-10.48630301
-10.16139828
-7.13945944
-4.94910345
-3.89204844
-1.31741279
-0.80438876
-0.31864505
-0.82092108
-0.65435692
-0.10942236
-0.40359343
0.33164298
0.04962040
0.23538717
-0.06395133
0.51196959
0.01904509
-0.06510757
-0.40771294
-0.70804865
0.29962181
0.07298765
-1.04279909
0.28607407
0.22712432
0.21753150
-0.57964243
-0.31511412
0.49009308
1.11099407
0.70593918
0.21371000
0.17101630
-0.29339767
-0.71140298
-0.73833238
-0.38258734
-0.26475103
-0.67958860
-2.59724808
-2.74941531
-2.92021570
-2.01993855
-2.42182848
-1.43827357
-1.17086708
-0.77204824
-0.07102819
0.10511758
-0.45968635
-0.98054251
-1.38816617
-1.91549879
-0.62775826
-1.42080912
-1.89591941
-2.09788905
-2.69203080
-1.32411932
-1.40341949
-0.04929411
0.37596229
-0.39914579
-0.14464692
-0.29420750
-0.35745154
0.58623489
-0.42803733
-0.01126064
-0.33889264
-0.20711193
-0.39191556
-0.76095703
0.01171379
-1.08275878
-1.07995073
-0.57883814
-0.09953122
0.72703545
-0.70389377
-1.20582384
-0.42649592
-2.09812340
-5.47441077
-3.14750614
-2.02784336
-0.60569182
0.90374893
-0.25849675
1.32927008
1.61658256
0.78494665
1.24126185
1.70457173
1.03084530
0.94703861
-0.83185811
-1.74352989
-1.75246418
-3.91287468
-6.34033840
-6.81175844
-9.30490008
-7.78387832
-3.46062508
-4.61736848
-2.49159496
-1.23065582
-1.12098371
-1.06801806
-0.12242845
-0.11811897
0.45066826
1.09165148
0.10961407
1.08850358
0.58240457
1.17501311
0.63595364
0.88357411
1.23609257
-0.84590265
-1.94271145
-1.79932720
-2.25848213
-2.77963607
-3.48233729
-2.85140665
-3.80537742
-2.29984837
-1.20363821
-1.86192302
-1.64237752
-1.26311197
-0.63390868
-0.43237434
-1.03307296
-0.38740589
-0.35614042
0.39142828
0.10998723
0.28157338
-0.19559188
-0.18389196
-0.29565365
-0.69489401
-0.13348797
-0.16957533
-0.66695355
0.30398046
0.02731836
-1.54632332
-1.28067353
-1.28453974
-0.80910549
-0.02717196
-0.04554360
0.03130514
-0.68659942
0.02065319
-1.03358635
-0.04084158
-0.08171729
-0.47679223
-1.58956532
0.08091378
-0.47686759
-0.14575538
-0.35273190
-1.70091102
-2.49036713
-4.04812545
-8.60945139
-9.55228337
-9.01557225
-7.52407875
-4.19714273
-2.60929052
-1.63894826
-1.13040096
-0.70824619
-0.29082931
-0.72554156
0.16032605
0.41766829
0.40323922
-0.08027225
0.18135603
-1.25511309
-0.91557273
-0.86166289
0.01125730
0.44107194
-0.23706186
0.88676496
-0.20951780
-1.73750298
-4.38599289
-5.97982995
-4.23787535
-2.87675860
-1.97920691
-4.02097690
-5.28178978
-3.93069880
-5.44355879
-6.41048450
-6.66714265
-6.52073492
-6.52909755
-5.89118010
-6.50561971
-7.12307574
-5.15347230
-3.31112900
-2.08088407
-1.87202307
-0.88688466
-0.00259305
-0.38191123
-1.64475425
-2.18129969
-0.68305848
-3.42946547
-4.13263596
-4.38498344
-5.92416311
-5.53975399
-4.36496265
-3.58679521
-2.38986141
-2.40012661
-1.52105041
-3.43411708
-3.64046767
-1.20572171
-1.18932714
-0.95031000
-0.11439195
-0.24181231
-0.34445889
-0.46704537
-0.34327408
-0.31525296
0.06593311
0.19210664
-1.97471322
-1.22386669
-4.60737930
-5.14971062
-2.63669915
-2.80670744
-2.26137283
-1.02852896
-2.81669380
-1.93798874
-0.90589700
-1.69824135
-1.18251564
-2.44081567
-2.59804011
-3.38815794
-3.93344882
-3.98331433
-5.19779920
-3.66692905
-2.89873853
-2.40560878
-1.58095073
-1.72309267
-0.77206545
-0.23944032
-0.71414915
-1.01240020
-1.43504108
-0.83280963
-2.87025142
-3.84777505
-3.14124991
-2.98227823
-3.74082251
-4.30901308
-2.90688546
-3.47721715
-4.45020855
-1.96245659
-1.66432430
-3.00024400
-2.68135593
-3.81774183
-2.74787622
-2.00091649
-0.85091655
-1.49246893
-0.03845022
-0.70652465
-0.93718265
-0.68095204
-1.41218272
-2.15653890
-1.62041064
-0.74991630
-2.82517437
-4.91698067
-5.95060588
-3.82245085
-1.74754705
-0.28504737
-0.72112556
-0.67711654
-0.14356597
-0.65493587
-1.44840526
-1.43400367
-2.21068398
-3.73905019
-3.10153688
-3.10416474
-2.92482176
-0.18761778
-0.76770375
-0.01506734
0.16998109
0.12402743
0.62743091
-0.03693294
0.26867486
-0.72239206
-1.19551598
-1.87723542
-1.87398003
-1.18626830
-2.26154043
-3.62427994
-4.28252026
-2.98708962
-2.14092151
-0.98020313
-0.08515279
0.49762182
0.28864848
0.71622889
0.13783346
0.54759945
0.30585878
-0.78260274
-4.28783223
-8.30367914
-12.43033366
-7.64156411
-6.19783922
-6.35776771
-4.05645522
-2.65810445
-0.82263530
-0.90426485
0.41754998
0.36368238
-0.21584007
0.76916875
-0.07724937
0.22811080
-0.05122665
0.21095048
0.08320553
0.81612477
0.33329921
0.01068247
-0.36552617
-0.80123513
0.39658367
-0.16228728
-1.15570278
-1.71664860
-1.64820580
-5.11743916
-4.31950873
-3.88847253
-4.47851468
-3.50219656
-2.88112995
-1.40099996
-1.06822229
-0.82747060
-0.47181994
-1.33504625
-2.07792612
-0.45722034
-0.06370756
-0.62973727
-0.33126628
-0.30086265
-1.78322875
-2.84391438
-4.12521620
-4.28663456
-3.60850942
-1.83991661
-1.55731419
-1.40866302
-0.34127692
-0.82233155
0.81019749
-0.44712812
-0.54989404
-1.18379013
-2.11951476
-0.29174852
-3.10779949
-4.73491842
-5.37699704
-5.39673663
-4.30027455
-3.67964443
-1.87058256
-2.06506149
-2.00271240
-1.36566867
-0.03736321
-0.67250734
-0.59079667
0.26330114
-1.00964350
-1.04078962
-0.84470247
-0.32805910
-0.36977720
-0.22669933
0.25593431
-0.14844746
0.35625642
-0.02817961
0.02963925
0.49859985
-0.01114675
0.07698944
0.01079703
0.21801517
-0.05058244
-0.07853841
0.03534874
-0.94712068
-1.09279093
-1.17348154
-1.50001363
-0.57625395
-0.30299105
0.08477402
0.40531549
0.01630371
0.88757158
0.70461981
0.73506244
0.14202022
-0.09629584
-0.97797743
-1.08494249
-1.19114611
-2.28867985
-3.11102506
-1.83712917
-1.79882884
-1.06779958
-1.78565400
-3.40037570
-2.25400524
-0.97409896
-0.71094254
-0.45569423
-0.36195330
0.09669729
0.01083163
0.11504543
1.30474706
1.13972325
-0.58388611
-0.23870303
0.35899359
1.20147616
0.98638931
-0.38570835
-3.25385544
-5.92662279
-6.81144040
-4.91131771
-4.57666703
-3.80136620
-1.87746425
-1.69330156
-0.60306153
-0.99042855
-1.43507860
-0.61536506
-1.55493485
-2.93996865
-2.14066337
-1.71556108
-2.49377737
-2.35219477
-3.01841029
-3.71165799
-3.13029749
-6.01764658
-5.67996468
-5.54709976
-5.70412399
-5.39574660
-3.07302163
-1.23320572
-0.57362110
-1.00591776
-0.84194230
-0.18880883
0.09571647
0.59198575
0.36290681
-1.04472345
-1.14149654
0.12861530
0.43221014
-1.07632840
-0.52429188
-0.66319154
-0.48951200
-0.82186299
-1.01539813
-1.71778082
-2.77942546
-1.48913845
-1.35823218
-1.50002849
-1.27767398
-1.41624162
-2.32390227
-2.94670520
-2.35829378
-0.41618679
0.37030937
0.75590692
0.40533931
0.15676611
0.64805552
0.43744758
-0.21247220
-2.31182862
-3.74655316
-3.92410902
-2.11197931
-2.00976509
-1.60116103
-1.18697015
-1.13900642
-1.26696239
0.42414933
-0.52751005
-0.10817664
-0.38190286
-0.69409954
-1.28560694
-0.92869071
-0.89862305
-1.66650387
-2.37631742
-2.04587652
-0.70076402
-0.64507204
-1.01007941
-3.17370703
-1.75115148
-0.39550004
-0.16359406
0.28488996
0.28494834
1.23647632
-0.10778576
0.28313992
0.02208429
-0.51821992
-0.12434690
0.25594579
0.13482834
-0.02535913
0.13385916
0.89636456
0.62262386
-0.45304076
-2.14091788
-2.70090999
-4.57668864
-6.11206239
-4.94602442
-5.55742243
-5.38973954
-2.29053264
-2.18557956
-1.57624867
-0.73297426
-0.17978333
0.60053320
0.16826651
0.58017261
0.04453542
-0.45750954
-0.81948020
-0.58505590
-0.55384651
-0.00764554
-0.17241772
-0.37529917
0.49252398
0.41661432
0.41166417
0.22092422
-0.11663889
-0.14102546
0.42150629
-0.25541758
-1.74768563
-2.19328201
-2.36466869
-3.46454835
-2.48859313
-3.69259810
-2.70270128
0.19956342
-0.37641344
-0.40171191
-0.32557782
0.97991986
0.92543535
0.41527126
0.32497630
0.67761457
0.18628417
0.87774895
1.05916590
0.27766374
1.14174085
-1.00719428
-0.53835963
-0.11539987
-0.19668907
-1.35954618
-1.37794582
-0.07941389
0.27010059
0.84136276
0.14397431
0.26850806
-0.09207076
-2.45981393
-8.06563785
-10.39090254
-9.20802736
-4.97318324
-4.99012341
-5.30561134
-2.08843940
-1.75865993
-1.14954104
-0.17414397
0.27009980
-1.49597548
-1.44209996
-0.20096511
-0.66366542
-0.23034120
0.11869030
0.93393647
0.49347769
-0.53611065
-2.24061580
-2.40258243
-2.43106570
-1.56732688
-2.40920886
-1.49792192
-1.83886480
-0.84548161
-0.31820078
-0.83306701
-1.13197319
-2.87472020
-4.13263590
-3.42208664
-0.54821578
-0.72058652
0.05975931
-0.44241208
0.08882694
0.34478059
-0.80295403
-0.61083725
-0.68455387
-0.71293597
-0.68113397
-0.74894063
-0.83713209
-0.52552843
-0.31401499
0.19438414
-0.45261888
-1.30428438
-1.98902083
-3.38801589
-2.54433540
-2.53817723
-2.27746434
-1.93393030
-2.09562796
-1.97881975
-0.93502009
-0.09364516
-0.53748895
-0.05706181
0.75748872
-0.21738816
-0.56892552
-0.83397694
-1.40004950
-2.04686565
-2.68529088
-3.22640245
-1.99530819
-1.98187612
-2.79751145
-3.01547775
-2.98195560
-2.46877360
-1.47285891
-1.55373297
-0.75277131
-0.94730758
-0.16941917
-0.04314712
-0.47541225
0.36099154
-0.63555977
0.02515684
0.09778905
-0.91947839
-0.35814868
-0.92392990
-1.94598787
-1.71005998
-0.33022188
-0.32537419
-0.29322863
0.10710667
-0.81885847
-1.27223543
-1.04492572
-1.59537523
0.33169530
-0.14046051
-1.08098894
-0.25974094
-1.10274458
-1.27734482
-1.38057439
-0.36025664
-0.94093213
-1.37305957
-0.45276972
-1.08132472
-0.21298222
-2.39585383
-4.00676893
-3.05893449
-4.91209691
-3.30505018
-5.63543336
-8.86874551
-5.30009527
-4.85904916
-3.20089151
-3.81606759
-3.64857762
-2.19630813
-1.18256822
-1.27409072
-0.50448369
-0.27880773
0.25923348
1.02789562
0.50539808
0.34682283
-0.75071816
-2.00791882
-2.69441359
-4.20436336
-3.32679008
-2.93114030
-2.10868960
-1.18487295
-0.99546316
-0.51358991
-1.34888949
-0.71212548
-0.40467092
-0.12428344
-0.81186442
-2.51622782
-4.09907937
-4.74855225
-3.87479268
-2.58846820
-1.98047891
-3.13745362
-2.05600204
-1.13448159
-0.41719068
-0.54548546
-1.04758021
-1.72532396
-0.58009280
-0.24004115
0.70931112
0.46996617
-0.51285389
-0.44917330
-1.43335282
-2.30741109
-1.73287567
-2.19350636
-3.66739881
-2.66133258
-2.08775616
-1.56219727
-1.71707712
-1.51092707
-1.47460054
-0.87247625
-0.94324203
-0.53621076
-0.64476504
-0.50679515
-1.24121534
-1.37923756
-2.56816164
-4.28012070
-4.92326554
-3.67724130
-2.67047133
-0.79251967
0.09088498
0.53871787
0.45108853
0.40388498
1.17235829
0.32865967
1.12722051
0.53344357
0.55223145
0.81223097
-0.08825087
-2.31944757
-3.50985016
-1.34891564
-0.61635729
0.65966598
-0.06745600
0.79486771
1.03172016
0.61440634
-0.15142552
-2.02047065
-3.89519125
-2.94669551
-5.15926250
-5.77700735
-6.66252986
-6.96453283
-5.34948779
-2.36676833
-1.23865564
-0.52732664
0.13102512
-0.31860442
-0.21873054
-0.57906240
-1.09080061
-1.81189439
-2.55487411
-2.94151045
-2.92052871
-1.64814506
-0.98363578
-0.42977290
0.03412923
0.27705528
0.43037586
0.47183094
0.56520214
0.43435866
0.31446168
-0.08867144
-0.18025428
-0.07248840
0.04223268
0.45944884
0.12532479
0.28470261
0.25288121
0.36540574
-0.10072971
-0.22467730
-0.28421134
-0.36949199
-0.92868180
-1.72501816
-1.14205616
-1.62059503
-2.63480906
-2.27615930
-1.90449808
-0.75382709
0.02179584
0.01128616
0.08252327
-0.36655978
0.39449183
0.80920840
0.91625273
0.71850145
0.59567337
1.24074208
-0.10505624
-1.40069992
-1.15568859
-4.95835645
-6.87598827
-8.53674918
-10.55767954
-8.33825086
-7.81845902
-9.35364092
-5.73760837
-5.58285757
-3.55007654
-2.25238670
-2.13176650
-1.34270362
-0.09731864
-0.60800089
-0.48663770
0.77899120
0.54755193
0.46097739
0.56263066
0.09026185
-1.02998237
0.01303465
-0.48611280
-0.36494793
-0.13908882
-1.34535763
0.05146736
0.03987659
-0.47089729
-0.93060966
-0.39868339
0.37645105
-0.10278520
-0.00107191
-0.15180667
-0.45153876
-1.48612489
-1.17313283
-0.44047233
-2.07644672
-2.83342577
-5.94355076
-7.69231629
-4.94540088
-4.06417975
-2.39871316
-0.99353506
-0.01527341
-0.11321873
1.18751443
1.15686359
1.03928724
0.82235576
0.94232214
0.80332394
-0.01145918
-0.60408335
-1.77568317
-1.99578173
-0.92636248
-0.69922347
-1.09254319
-1.39286862
-1.91909764
-0.68390775
-1.50145860
-1.61510720
-2.14677169
-1.32741429
0.13253289
-1.07527561
-0.13492925
0.16154215
-0.02503601
-0.28700336
-0.47223801
-0.17152237
-1.68691691
-2.77130174
-4.91013408
-3.32356804
-1.96149165
-0.76518892
-0.32410574
0.39923751
-0.09437541
0.02622669
-0.22178903
-1.01929581
-1.30589457
-0.27691960
-0.45632702
0.13610759
-0.01260132
0.56197599
0.98960511
0.52081981
-0.82009123
-0.32707580
0.50426494
-0.09495811
-0.23105357
-0.84416394
0.19432503
0.22524633
0.11212563
0.25482699
0.39881421
1.02968143
1.11383470
0.85274876
1.18776973
1.72446947
0.95541207
0.81953850
0.15255672
-0.41557381
-2.69708923
-10.42001054
-7.16348807
-5.82324875
-6.25589156
-6.38882038
-4.14802334
-2.96657544
-3.09337510
-3.15270531
-2.46733909
-2.33629153
-2.36221583
-1.87473843
-2.80031355
-2.38850786
-2.21429778
-3.01529685
-6.30685785
-4.84080026
-5.27148869
-4.50231665
-4.23680583
-2.83327170
-2.04117731
-2.52810196
-2.22418395
-1.68717355
-1.86091923
-1.90328561
-0.59408522
-0.93708092
0.10626064
0.44809803
0.16238090
0.45204694
0.80089707
0.92283852
0.66417893
0.55383480
0.59018417
0.25327490
0.28073448
0.42431170
-0.25427235
-1.83469588
-1.57703131
-1.88826368
-2.69277239
-2.44062929
-1.32982542
-1.10308383
-1.92625411
-2.81072620
-2.69486706
-5.43079859
-8.27251628
-5.74362552
-4.51016099
-1.85513114
-1.03018215
-1.31024848
-0.14674148
-0.11678364
0.32077651
0.25794363
0.72894082
1.12574824
0.61590665
-0.19075513
-1.14287101
-2.08379705
-3.74602194
-5.60832606
-5.41380748
-4.17946056
-4.65741600
-4.14447485
-3.20955410
-2.03904988
-0.91934431
-0.21615162
-0.24423514
0.27645976
0.30771092
-0.30313788
-1.62867827
-2.06311950
-2.09160014
-0.87378139
-1.26912995
-2.33681804
-1.45722270
-2.71122971
-1.87343224
-2.39287584
-4.47983967
-2.20188819
-2.46085941
-2.55589193
-1.32526138
-0.88394265
-1.49614139
-0.97294960
-1.85076836
-0.42344657
0.60944734
-0.41969957
-0.34616934
0.32258411
-0.11925052
-0.71074381
0.09089014
0.08190170
-0.81913538
0.01798547
-0.66815143
1.05166238
-0.20626308
-0.23690631
0.47542175
-0.04126138
0.73431898
-1.33167794
-1.31051549
-0.28965984
0.37463891
0.56354904
0.89838781
1.18655621
1.30638850
1.25138039
1.02938937
0.65715352
1.05553656
0.41978790
1.22989197
0.42989974
-2.16986501
-4.52349534
-7.34911143
-4.38468976
-1.48497766
-1.06098871
-0.41975407
0.28951725
0.29418063
-0.91187161
-1.27114168
-1.08609077
-1.21909230
-4.29482437
-3.74931521
-2.88598424
-1.99158503
-3.06041119
-3.73944276
-3.69143939
-2.17410584
-1.26631509
-1.73186223
-1.09629174
-0.18968506
0.22339710
0.37267787
-0.30634821
0.18264606
0.74042669
-0.05008904
-0.13199365
-0.10513990
-0.27580348
-0.41658418
-0.64281871
-0.96522356
-0.84526064
-1.23105670
0.09362935
0.94392175
0.42681742
1.31696211
0.90500903
1.07702237
1.51593003
1.72277856
1.31039746
0.74488431
-0.93190781
-2.40298951
-1.89233876
-2.71170864
-2.94420977
-3.62673286
-2.91471414
-0.95254787
-1.43341190
-2.03806155
-0.86535645
-2.22394992
-1.42134692
-0.62137675
-1.10565858
-0.29541521
0.59119945
0.38607401
-0.45871290
-1.35196708
-2.40806184
-0.56567940
-2.00705589
0.23371050
0.41968422
0.83387527
-1.44531547
-1.65488235
-2.23323228
-2.69585653
-2.83686879
-5.29035792
-5.54715845
-4.70435006
-3.83913167
-2.82446252
-2.44448529
-1.95961417
-1.66693030
-1.56855027
-0.94316507
-0.23486935
-0.38439969
-0.33284336
-0.15437771
0.50648072
0.28048859
0.47885699
-0.11627520
0.34867789
0.52463512
0.40522334
-0.90381470
-0.94822753
-0.59529300
0.00055507
-0.34073031
-0.56070938
-0.43014200
-1.34496546
-1.57964586
-1.93564858
-4.38112562
-3.22448508
-4.13465800
-3.26911245
-1.48406309
-1.89983420
-1.91567540
-1.33041357
-1.42898963
-0.63083967
-0.46456146
-1.14874331
-1.43678008
-1.60078692
-1.77867928
-1.33264288
-0.55195093
-1.09779529
-2.49872230
-3.52021187
-1.75508664
-1.41540536
-0.69143653
0.22760903
0.21481675
-0.04609419
0.09667936
-0.17497903
0.75786510
0.03668287
-0.19535635
0.33064077
-0.15927923
-4.83636661
-6.37454311
-5.40608597
-4.44822783
-2.80458109
-2.41596771
-2.40710459
-1.94938235
-1.09069911
-1.26323814
-1.49509078
0.10949172
-0.07706398
0.16114345
-0.23565065
-1.01164129
-0.19722398
-2.02418300
-1.91514638
-2.62584171
-5.01359319
-3.23076591
-3.33233344
-3.19953176
-2.89536934
-2.46922967
-2.52470901
-0.48737273
-0.67894217
-1.29992579
-1.12206974
-2.52003753
-2.87300616
-1.81110390
-5.45113627
-4.04127084
-2.24487259
-1.84967141
-2.59574471
-0.93614498
-1.23154452
-0.26140155
0.23129595
-0.11286810
-0.02691672
-0.84247214
0.56437724
0.27988978
-0.56478653
-1.12430755
-0.32218440
0.28082926
-0.40536307
-0.06335941
-0.28205768
-1.46731631
-2.13243748
-3.21733015
-4.25568874
-4.10590238
-4.36214408
-3.81628927
-3.02230913
-1.68588715
-1.03338597
-0.19489341
1.26711324
1.19828891
1.00415238
1.33004709
0.74055266
0.77592678
0.57345630
-0.61815708
-0.77361817
-0.43643862
-0.90218013
-2.50569411
-2.66857690
-0.40128372
-0.61490688
-0.61659399
-0.80661515
-2.18370885
-2.77734796
-1.79764102
-1.56747372
-0.33130344
-0.04453769
-0.09765274
-0.14209383
0.01753659
-0.30078861
-0.22763037
0.70437829
-0.72820186
-1.25670819
-1.54322598
-1.98635431
-1.43146366
-1.51542058
-1.11239774
0.39136114
-0.39532984
-0.30740817
-0.19412308
-1.39406118
-1.10379581
-3.33116652
-3.64606476
-5.24711019
-4.48805983
-2.42600424
-2.06148122
-2.11867038
-1.90204407
-0.47044666
-0.64489208
-0.07727203
0.48351945
0.02525866
0.15995100
0.75492752
0.22108603
0.54796102
1.16473340
0.82221741
1.27542129
1.03684857
0.68659242
-0.06161481
0.19759719
-0.27825951
0.13366990
-0.23928364
0.24635711
-1.15967899
-1.46997902
-1.16925861
-1.20234279
-2.50989574
-3.79027923
-4.18214556
-4.41407401
-3.61657389
-2.30253096
-1.96196794
-2.70199412
-1.48313006
-1.20743646
-1.39014994
0.61097104
0.14568042
0.55360316
0.72687536
0.84910006
1.07945899
0.19230280
0.23418248
0.12641751
0.24174373
0.55158672
-0.06733006
0.02985804
0.21393930
0.68280437
0.62587664
-0.05767487
-0.96488610
-0.79062668
-2.31693511
-2.72727014
-2.19363033
-3.53995999
-2.55678075
-3.08589513
-1.69850880
-3.95221464
-3.75147192
-2.50866146
-2.09548460
-0.85394917
-0.79251042
0.03228205
0.32330884
0.81082369
0.42991566
0.05015175
0.70846746
0.75349311
0.42359992
-0.43788943
-1.10083610
-2.07430685
-4.13875601
-3.04810119
-2.13503407
-1.67177314
-0.59862776
-0.48170429
0.02532694
0.59472688
0.48215855
-0.05532976
0.01009031
-0.69127043
-0.44319772
0.10642001
0.02572075
-1.30460519
-2.60479249
-3.35425913
-1.79683547
-2.02579818
-2.00085777
-0.57039438
0.78996704
-0.06719515
0.78360998
0.39969557
0.70144561
1.14819059
1.05765554
-0.09241621
-0.48898481
-0.17315126
-0.50267885
-0.19351922
-0.58833289
-2.04264632
-1.24154061
-1.67766046
-1.86430006
-2.18647789
-3.32751399
-4.87205147
-4.99872960
-7.06518262
-6.89381618
-3.46765106
-3.79253681
-1.30307649
-1.08114347
-0.86269875
-0.69752838
-1.01429280
-0.63185293
0.44968567
0.55561630
0.47324705
-0.33038537
0.28791036
-0.28695414
-0.40054696
0.29961002
0.15040078
0.24071738
-0.29799872
-2.10539623
-3.71658549
-4.32312040
-3.90905942
-3.56601720
-3.29462907
-2.34201395
-1.69491842
-0.28757331
-0.32060062
0.47155816
0.46149704
0.11923989
-0.11460194
0.62722011
0.12479938
0.30985624
0.22050515
0.17481717
-0.61309789
-1.55220470
-1.87132363
-3.00436180
-2.13781708
-1.99514866
-0.46993975
-1.54284790
-1.67862742
-2.51954211
-2.67114426
-2.05469204
-2.25684563
-1.54519867
0.22020143
0.78866881
0.74391159
0.94952877
-0.15117011
-0.64613156
-0.10083604
0.08215886
0.02955863
-0.48654281
-1.08176110
-1.81206283
-2.01215167
-1.71342264
-0.15993400
-0.83209825
-0.73689310
-1.11824607
-1.19704870
-1.84693668
-1.19482072
-1.34924425
-1.61954567
-0.63325398
-2.23414285
-3.46635114
-3.63601103
-3.12326883
-1.09799298
-1.56232911
-1.95668115
-0.87353911
-0.91824430
-0.65976754
-0.11957828
0.11537131
0.72120214
0.82005618
0.72741191
0.63697785
0.52726666
-0.13472914
-1.59254748
-0.91807157
0.23190008
0.14387596
-0.10597387
-0.18274429
-0.92813036
-1.34414655
-0.14386697
-0.24740877
0.72898228
-0.37453934
-1.49839317
-2.88540069
-5.12008059
-6.25831078
-6.67027201
-7.64462139
-5.28888779
-3.83544591
-1.66064206
-1.44275140
-1.70586192
-0.91474829
-0.41885757
0.29475450
-0.31927727
-0.23350461
-0.41062019
-0.76768468
-0.96451721
-1.45987714
-2.51124871
-3.92835115
-3.72896125
-2.33593897
-2.76322715
-2.47572696
-1.60003282
-1.86355516
-1.42315657
-0.55457671
-1.62978701
-0.61883752
0.20477610
-0.87638216
0.08485299
-1.22742052
-1.16636569
-1.15017220
-0.45783901
-0.28625996
-0.17252146
0.43170542
-0.12619474
0.10313063
-1.15224170
-0.86650639
-3.78780442
-2.65464025
-4.76012073
-5.02967547
-2.80209888
-4.13695124
-2.52333100
-1.64242453
-1.72192416
-1.96916944
-1.63376342
-2.13911581
-2.69872514
-0.34142166
-1.96146609
-3.07624834
-0.11860958
-0.25404675
0.09148334
0.06056145
-0.89069925
-3.16244806
-3.95143406
-4.24377442
-2.36189392
-1.99879073
-1.85823030
-2.30821316
-2.02146810
-2.57735721
-2.75951375
-2.61700847
-1.89415737
-2.44829094
-1.91091286
-1.01279588
-1.00001449
-0.69070967
-0.08825810
-1.33753027
-2.52437869
-2.48469260
-0.89931580
0.04729483
-0.69416404
-0.68177713
-0.17720924
0.85909562
0.28130436
-0.19411248
0.11178896
-0.16588678
0.46600393
0.16295134
-0.87294727
-0.08677217
-0.28015475
-0.32994700
-0.80238636
-0.87877156
-1.44263716
-2.09646734
-2.20671150
-2.72527639
-2.89464979
-0.86389777
-0.09316930
-0.25348488
0.02404881
-0.98758022
-0.64091401
-1.65016429
-1.77190185
-2.93126398
-2.78415963
-2.38326721
-2.66222374
-2.57958384
-3.41577031
-2.98148633
-2.18217710
-2.03506808
-1.46035451
-0.95531259
-0.57179560
-0.88438562
-0.44205190
-0.14101869
-1.48038543
-1.02731018
-1.04581856
-1.37359895
-1.59125132
-2.31408908
-2.07402389
-2.35926888
-2.68330963
-1.19746529
-2.59293683
-1.56605044
-0.75909621
-1.23448344
-0.59334384
-0.97701936
-1.37229952
-0.44385346
0.23997366
-1.77161714
-2.17863106
-1.62674080
-1.51034242
-1.48610081
-1.04460663
-2.11885704
-3.49877039
-4.47605757
-3.95205705
-4.32566956
-5.12025825
-3.58948558
-3.46513185
-3.26759654
-2.39575409
-1.87252307
-2.45090434
-1.11723886
-0.27413348
-0.36757004
-0.95132134
-0.14507826
-0.04101425
-0.40485133
-1.17435107
-1.32463026
-1.45108730
-2.78022919
-2.17514158
-3.43844377
-2.94885210
-2.55735077
-2.79794711
-1.04215187
-1.36147642
-1.03586919
-0.61865144
-0.13321941
0.25947299
0.31768402
0.72261248
-0.12409102
0.44207641
0.23364216
0.11580690
-0.42295193
-0.52809048
-1.24558430
-1.55571730
-1.58722218
-1.26700645
-0.49307752
0.06810245
0.98178968
0.61394075
0.49323126
0.20627663
-1.02849382
-0.72700319
-0.94198554
-1.17450570
-1.69728668
-1.37028344
-1.79693857
-2.80865173
-1.19967243
-0.67161988
-1.18469872
-0.91264512
-1.50554335
-2.94195654
-2.93456100
-3.07641525
-3.10387476
-6.26365207
-7.10608274
-7.07179746
-5.16609656
-5.25852885
-4.76960727
-4.21544334
-3.40978317
-1.29751306
-1.38202569
-1.55987710
-1.13003969
-0.61055106
-1.81631760
-1.93222813
-1.20437723
-1.30852567
-1.60965805
-1.15367546
-1.01568155
0.17301550
0.26448642
-0.41192041
0.29717873
-0.45671139
-0.55044939
0.01771976
-0.02230078
-0.00641987
-0.49673806
0.93808215
0.58011858
-0.06825486
0.42121874
0.08134336
-1.78016631
-3.75559840
-4.49122513
-4.53462371
-3.97422858
-5.23524884
-4.15284651
-2.03027906
-1.93844008
-1.58077947
-2.02589814
-0.95396325
-1.89273851
-1.06683682
0.01557735
-0.45016254
-0.18726234
-0.57395968
-0.78810765
-0.42369306
-0.09608394
-0.28060935
-0.16732816
0.84662159
0.69614957
0.30644866
-0.23320731
-1.51314608
-3.81961507
-5.30844761
-6.81230957
-4.90781200
-2.83768718
-1.18532709
-1.49752167
0.21777945
0.33100271
-0.03678585
-1.00947981
-0.89511839
-1.20626648
-2.48082930
-3.76066020
-3.42616536
-2.42027622
-1.52218294
-0.33580891
-0.48151346
0.05170381
0.14303577
-0.11469960
0.40686427
0.04309127
-0.69594853
-0.67485095
0.61350089
0.58189970
0.55156414
1.46794770
0.57940745
0.46872666
0.85185364
0.62391875
1.11825430
0.19824115
0.36207536
-0.36134636
-2.00935335
-1.68055737
-0.21957631
-0.43304225
-0.47631742
-1.94321169
-2.30661002
-1.66710411
-2.53928779
-2.88293338
-4.26998867
-6.01617389
-5.58269565
-9.60409084
-7.71562321
-4.16485041
-2.61730560
-2.93320813
-2.22921746
-1.38224999
-0.83667936
-1.23342256
-1.76983856
-1.31427020
-0.38719273
-3.07978815
-5.07710993
-6.40499372
-5.58379034
-4.59657633
-3.58288927
-1.88595702
-1.59817548
-0.70188377
-0.23975153
-0.09047123
0.40239805
0.00789095
-0.47580593
-0.18188652
0.54951953
-0.26684731
-0.38657406
-0.27685615
0.00338374
-0.30756087
0.29402041
-0.26046149
-0.66272538
-1.40478096
-0.99878403
-4.38066660
-6.51214207
-6.10541017
-7.82957536
-8.32432255
-6.44292634
-7.03553937
-8.46224937
-6.84870989
-5.10892502
-3.69523502
-3.02385835
-1.80822463
-0.84550752
-0.58669109
-0.12893088
-0.26522269
-0.61985575
-2.12781580
-3.61024340
-3.38847018
-2.17288383
-2.11942657
-1.15377291
-0.63500158
-0.57171685
-1.57165680
-2.91628960
-2.74880638
-2.29939512
-2.75835802
-2.79163893
-2.73654674
-2.10401946
-1.04472726
-1.06184078
-0.90003340
-2.47758440
-1.83991130
-0.45327344
-1.05339621
-0.08017496
-0.16577932
-0.11138664
0.48688101
1.12475347
0.92873312
0.23420085
0.62132656
-0.46713268
-1.51901964
-4.87707397
-7.45879538
-10.19523687
-9.30437837
-7.03835766
-7.08843915
-4.43846740
-2.77652534
-1.60636823
-0.13976033
-0.62033684
-0.24752965
-0.12099919
0.65516309
1.06549399
0.89655934
0.46947479
0.78758211
0.82018785
-0.65297022
0.61265314
1.65513009
-0.00448352
-1.24458246
-2.36576203
-1.78224607
-1.54941900
-1.74209115
-1.67813365
-2.39709045
-4.49454469
-4.38316995
-2.33057643
-2.81209927
-1.36636746
-0.38291218
-0.42476867
-0.14023744
-0.11164945
0.08730065
-0.98945174
-2.24457442
-2.72627786
-4.25511780
-4.58582691
-3.83041613
-3.69869815
-3.78195170
-2.72448277
-2.07494168
-1.66721985
-1.47107632
0.11621711
-1.15570069
-0.58287725
0.59420681
0.18573798
0.63732280
-0.52299209
0.07225699
0.04006963
0.38033687
0.32306991
-0.94604892
-1.37400632
-0.97201215
-2.20420073
-2.52216777
-3.60856907
-4.31018121
-2.58130995
-4.40088620
-3.14517402
-2.56555138
-2.70807189
-0.68499889
0.12555115
0.40877785
0.74864235
0.09882369
0.50897222
0.63060951
-0.53027476
-0.56904917
-1.45991919
-2.70730325
-3.60420470
-5.15026248
-6.11198253
-3.59435116
-4.01396937
-2.41673723
-3.57149763
-3.36962847
-2.39617587
-1.87896808
-1.14484654
-1.32845839
0.01408686
0.36773305
-0.61597066
