-0.35169239
-0.68916348
-0.82889292
-0.66959176
-0.29135752
0.17659967
0.57139894
0.76442052
0.69086686
0.37488051
-0.08477824
-0.54294991
-0.85435462
-0.91480201
-0.69090068
-0.22897530
0.35750628
0.91719239
1.29835575
1.38478094
1.12196241
0.52850349
-0.30849695
-1.25182945
-2.14185576
-2.82771418
-3.19633440
-3.19398710
-2.83663241
-2.20681100
-1.43717016
-0.68312126
-0.08970387
0.24035584
0.26988880
0.03550222
-0.36228904
-0.78559583
-1.09614564
-1.19304794
-1.04061602
-0.67785086
-0.20602468
0.24253225
0.54548590
0.62892867
0.49098104
0.20270618
-0.11448734
-0.32816692
-0.33846727
-0.11170134
0.30723034
0.80818371
1.25083709
1.51006127
1.51658405
1.27923019
0.88096529
0.45006293
0.11595316
-0.03508162
0.01102190
0.19246098
0.39493190
0.49398481
0.40162086
0.10046913
-0.34694808
-0.81789063
-1.17181232
-1.30092967
-1.17108495
-0.83777286
-0.43064401
-0.11043939
-0.01250942
-0.19617019
-0.61805004
-1.13991297
-1.57003731
-1.72570155
-1.49648272
-0.88719436
-0.02515910
0.87202019
1.55926325
1.83806288
1.61853764
0.94957019
0.00710751
-0.95606365
-1.68366247
-1.98970654
-1.81026118
-1.21782532
-0.39507299
0.42266574
1.01740451
1.24922541
1.08972124
0.61982272
-0.00481521
-0.60762076
-1.04578761
-1.24855540
-1.22851100
-1.06489910
-0.86722693
-0.73322859
-0.71588673
-0.80982826
-0.95976693
-1.08609966
-1.11680703
-1.01396272
-0.78576193
-0.48111574
-0.17026518
0.08037071
0.22951894
0.27117603
0.23088500
0.15102631
0.07160466
0.01441889
-0.02370801
-0.06686625
-0.14781755
-0.29328066
-0.51299271
-0.79671031
-1.11968866
-1.45336538
-1.77592980
-2.07754995
-2.35775846
-2.61605317
-2.84042318
-2.99992699
-3.04631475
-2.92603891
-2.59997766
-2.06372265
-1.36049265
-0.58017373
0.15768666
0.73301085
1.05812497
1.10369237
0.90863391
0.56974438
0.21340754
-0.04200207
-0.12104902
-0.01208827
0.23283955
0.51907966
0.74420275
0.83480756
0.77268982
0.60136813
0.41065409
0.30440844
0.36241652
0.60936577
1.00153364
1.43596711
1.77938936
1.90763413
1.74318889
1.27904814
0.58180256
-0.22621976
-0.99969832
-1.60736293
-1.96236921
-2.03769988
-1.86405246
-1.51288494
-1.07201228
-0.62209494
-0.22105618
0.10059284
0.33469019
0.48524106
0.55872163
0.55925821
0.49014146
0.35979190
0.18814244
0.00902276
-0.13411001
-0.19878199
-0.15716674
-0.00765490
0.22050674
0.47225628
0.68076052
0.78650306
0.75540511
0.59010694
0.33061597
0.04393293
-0.19409709
-0.31915312
-0.29496293
-0.12136062
0.16773167
0.51492050
0.85459182
1.12804044
1.29437769
1.33529560
1.25385015
1.06920611
0.81011804
0.50901065
0.19778042
-0.09521608
-0.34772497
-0.54654372
-0.69052266
-0.79231726
-0.87722262
-0.97778065
-1.12430943
-1.33355712
-1.59903064
-1.88704043
-2.14105073
-2.29481787
-2.29108742
-2.10047423
-1.73442494
-1.24694878
-0.72368875
-0.26055266
0.06184758
0.20013627
0.15934608
-0.01034393
-0.23044724
-0.41904141
-0.51552227
-0.49716978
-0.38231918
-0.21979016
-0.06894786
0.02196784
0.03126184
-0.03242372
-0.13865137
-0.25195665
-0.34943394
-0.43141636
-0.52027089
-0.64732882
-0.83302447
-1.06881939
-1.30945952
-1.48082772
-1.50268900
-1.31955339
-0.92855144
-0.39303237
0.16545832
0.59735611
0.76944979
0.61007696
0.13963887
-0.52523599
-1.19783725
-1.67191705
-1.78223995
-1.45659548
-0.74241317
0.20161776
1.14762631
1.86253595
2.17474868
2.02319695
1.47368814
0.69737334
-0.08180366
-0.65432177
-0.88621498
-0.75538220
-0.35253330
0.15247552
0.56748408
0.73949383
0.60142586
0.19005136
-0.36935088
-0.90542782
-1.25570053
-1.31613522
-1.06995693
-0.58760337
0.00058690
0.54871209
0.94160993
1.12801560
1.13074207
1.03186570
0.93927265
0.94651793
1.09963662
1.38152767
1.71821094
2.00393097
2.13632137
2.04959715
1.73546001
1.24560068
0.67586937
0.13813285
-0.27086632
-0.49390941
-0.52405842
-0.39968698
-0.18676877
0.04486094
0.24319813
0.38707884
0.48718606
0.57599952
0.69104112
0.85770779
1.07761493
1.32608182
1.55918927
1.72752950
1.79182272
1.73513595
1.56767893
1.32295624
1.04663751
0.78206572
0.55707444
0.37646290
0.22247403
0.06301476
-0.13503448
-0.39180237
-0.70435017
-1.04394599
-1.36197144
-1.60295158
-1.72094520
-1.69438731
-1.53455544
-1.28485989
-1.01053061
-0.78142779
-0.65279303
-0.64954068
-0.75908387
-0.93479673
-1.10962831
-1.21572133
-1.20431416
-1.05980105
-0.80359383
-0.48660930
-0.17269773
0.08160969
0.24447311
0.31752319
0.33310823
0.34085567
0.38814395
0.50103553
0.67254628
0.86236836
1.00879973
1.04902918
0.94105793
0.67991266
0.30211459
-0.12337570
-0.51524786
-0.80442043
-0.95489684
-0.97374099
-0.90649638
-0.81938182
-0.77405308
-0.80368394
-0.89873449
-1.00782826
-1.05414780
-0.96229367
-0.68700847
-0.23390207
0.33511095
0.91435852
1.38170071
1.63242742
1.60940259
1.31998684
0.83438751
0.26596723
-0.26066145
-0.64374739
-0.83063528
-0.82844767
-0.69668429
-0.52482908
-0.40262473
-0.39252672
-0.51270207
-0.73523955
-0.99907390
-1.23266017
-1.37835954
-1.41075033
-1.34313302
-1.22080078
-1.10384832
-1.04551361
-1.07308557
-1.17739795
-1.31385759
-1.41448025
-1.40712844
-1.23633320
-0.88006613
-0.35821417
0.26902847
0.91190684
1.46816919
1.84256781
1.96483627
1.80308033
1.37064177
0.72570019
-0.03615556
-0.79530918
-1.42579413
-1.81509175
-1.88310338
-1.59745972
-0.98190968
-0.11573243
0.87681059
1.84588297
2.64139166
3.13951819
3.26532426
3.00660985
2.41594209
1.60029186
0.70023855
-0.13693516
-0.78476362
-1.16018499
-1.23676474
-1.04628917
-0.66878152
-0.21337603
0.20589319
0.49431185
0.59588995
0.50401612
0.26123077
-0.05193813
-0.33679029
-0.50071079
-0.48053379
-0.25948887
0.12667575
0.59637416
1.04071397
1.34983993
1.44064751
1.27865781
0.88815785
0.34718655
-0.23161864
-0.72951321
-1.05188057
-1.15171457
-1.03985479
-0.77894523
-0.46311014
-0.18957828
-0.03062704
-0.01443932
-0.12025472
-0.28881028
-0.44414794
-0.51929246
-0.47733966
-0.32120364
-0.08933817
0.16037521
0.37237233
0.51270082
0.57893948
0.59726052
0.60797814
0.64531474
0.71927774
0.80704591
0.85786603
0.81049786
0.61756388
0.26813062
-0.19997094
-0.70346145
-1.13276261
-1.38166223
-1.37828658
-1.10745041
-0.61667617
-0.00356580
0.61174675
1.12065073
1.45566354
1.60640353
1.61688611
1.56538399
1.53391937
1.57756052
1.70407114
1.87068147
1.99921204
2.00463414
1.82753795
1.45963948
0.95352289
0.41284395
-0.03470152
-0.27368459
-0.23561288
0.07865408
0.59583346
1.18778001
1.70496522
2.01645095
2.04507329
1.78787344
1.31603537
0.75447466
0.24667167
-0.08538482
-0.17516568
-0.02994547
0.27148734
0.60137686
0.81985394
0.81617697
0.54314357
0.03488487
-0.59738746
-1.19152109
-1.57630635
-1.61847116
-1.26228690
-0.55066619
0.37897168
1.32422363
2.06602868
2.42366883
2.30192813
1.71756906
0.79712303
-0.25407809
-1.20406289
-1.85369038
-2.08737736
-1.90105985
-1.39974087
-0.76537963
-0.20441024
0.11002654
0.08485467
-0.27023401
-0.84987065
-1.48671539
-2.00107563
-2.25125565
-2.17015443
-1.77843651
-1.17189503
-0.48923553
0.12879895
0.57571623
0.80071270
0.81080108
0.65571409
0.40343681
0.11614090
-0.16494576
-0.42177481
-0.65043842
-0.84684031
-0.99514112
-1.06508194
-1.02039672
-0.83517389
-0.51119211
-0.08802828
0.35998393
0.74097857
0.97242403
1.00872547
0.85955567
0.59145534
0.31077267
0.13253155
0.14501988
0.38169579
0.80999985
1.34078558
1.85534783
2.24070329
2.42148381
2.37771299
2.14335970
1.78734273
1.38490345
0.99063072
0.62329093
0.26785675
-0.10669318
-0.52166672
-0.96610607
-1.38764966
-1.70204627
-1.81940170
-1.67835760
-1.27581753
-0.68032693
-0.02249654
0.53638720
0.84868599
0.82379453
0.45657949
-0.16873913
-0.90090055
-1.56325946
-2.00196085
-2.12572610
-1.92573034
-1.47082590
-0.88129213
-0.29121878
0.18787982
0.49115856
0.60644263
0.56332309
0.41212514
0.20228453
-0.03145791
-0.27114722
-0.50744260
-0.72725481
-0.90477340
-1.00163181
-0.97749579
-0.80716919
-0.49669177
-0.09037922
0.33611741
0.69639138
0.92111721
0.98324293
0.91047264
0.77893728
0.68855335
0.72760294
0.93854122
1.29757465
1.71633112
2.06644878
2.21986662
2.09170857
1.67097863
1.02855787
0.29874111
-0.35969694
-0.81035032
-0.97853461
-0.87025009
-0.56499880
-0.18562652
0.14379974
0.33742240
0.37098951
0.28205988
0.14834869
0.05326056
0.05199184
0.15083276
0.30703835
0.44862640
0.50606043
0.44326076
0.27580482
0.06908512
-0.08337312
-0.09357439
0.08745254
0.44870965
0.91856152
1.38486062
1.72887355
1.86127720
1.74791690
1.41686343
0.94525726
0.43145728
-0.03714046
-0.40888999
-0.67739106
-0.87337541
-1.04347670
-1.22511173
-1.42747049
-1.62606035
-1.77239668
-1.81480350
-1.72162102
-1.49775986
-1.18776213
-0.86424309
-0.60581636
-0.47257593
-0.48817399
-0.63437098
-0.85962835
-1.09769116
-1.28901813
-1.39691894
-1.41344023
-1.35389105
-1.24384656
-1.10514574
-0.94710125
-0.76676929
-0.55739666
-0.32046684
-0.07482595
0.14269776
0.28700182
0.32196315
0.23851490
0.06555433
-0.13226952
-0.27120025
-0.27496161
-0.10242758
0.23382840
0.66577882
1.08706355
1.38422549
1.47196607
1.32041738
0.96474661
0.49358892
0.02011879
-0.35405763
-0.56950625
-0.62330131
-0.56240380
-0.45920083
-0.37884266
-0.35137170
-0.35953302
-0.34735125
-0.24643523
-0.00976286
0.36040203
0.80233505
1.20777594
1.45485038
1.44988250
1.16326858
0.64582292
0.01858588
-0.56157439
-0.94962778
-1.05714641
-0.87881285
-0.49137122
-0.02525850
0.38115524
0.62875094
0.68973788
0.61346984
0.50412517
0.47849861
0.61903480
0.93910355
1.37303189
1.79473869
2.05875956
2.04954410
1.72231265
1.12149813
0.37077252
-0.36176446
-0.91157877
-1.16322625
-1.07942412
-0.70571349
-0.15135032
0.44551516
0.95595290
1.28972703
1.40864367
1.32284246
1.07510353
0.72163409
0.31714853
-0.09134192
-0.46272916
-0.75674704
-0.93181319
-0.95011191
-0.79000703
-0.46121851
-0.01528115
0.45597251
0.83728145
1.01968228
0.93471029
0.58151078
0.03604237
-0.56318676
-1.05081033
-1.28193685
-1.17649261
-0.74607181
-0.09377711
0.61390636
1.19494128
1.50445702
1.47582006
1.13740603
0.60032361
0.02199672
-0.44205868
-0.68245753
-0.66264384
-0.42105916
-0.05032056
0.33750270
0.64664929
0.82255617
0.85892302
0.78734275
0.65603137
0.50742592
0.36399341
0.22675018
0.08541773
-0.06609863
-0.21725132
-0.33820027
-0.38913923
-0.33822330
-0.18033270
0.05206581
0.29213757
0.45669125
0.47355232
0.30871416
-0.01721961
-0.43027651
-0.82295483
-1.08655772
-1.14529706
-0.98026780
-0.63494520
-0.20025581
0.21542839
0.52065236
0.66757272
0.66195731
0.55372592
0.41263921
0.29888032
0.24001255
0.22286427
0.20290580
0.12678696
-0.04135310
-0.30046459
-0.60786212
-0.89106007
-1.07141781
-1.09028571
-0.92749861
-0.60532938
-0.17700648
0.29472253
0.75951775
1.19238055
1.59215006
1.96658386
2.31142261
2.59418881
2.75213937
2.70859201
2.40362953
1.82821260
1.04746269
0.20078475
-0.52576094
-0.94957642
-0.94937450
-0.51138255
0.25361565
1.13139363
1.86015756
2.20569478
2.03263655
1.34887720
0.30772155
-0.83408543
-1.79014481
-2.32713571
-2.33059802
-1.83341661
-0.99883279
-0.06491173
0.73051329
1.21972477
1.34768689
1.17542925
0.84596722
0.52700643
0.35149207
0.37650924
0.57305419
0.84744507
1.08374206
1.18984868
1.12975906
0.93110466
0.66718581
0.42265486
0.25778922
0.18608503
0.17363090
0.15952571
0.08784768
-0.06304498
-0.26671102
-0.45663638
-0.55311862
-0.49788898
-0.28176590
0.04699411
0.39836802
0.67500633
0.81205963
0.80600757
0.71951013
0.65846564
0.72847970
0.98699502
1.41026900
1.88998011
2.26377534
2.37094316
2.11409223
1.50376945
0.66766771
-0.18195025
-0.81413625
-1.05678652
-0.85891637
-0.31442946
0.36319608
0.90893940
1.09526741
0.81188327
0.10823992
-0.81734769
-1.67988529
-2.20137301
-2.20458724
-1.67496682
-0.76896933
0.23486784
1.02608705
1.36371338
1.15462815
0.48254967
-0.42188816
-1.25950781
-1.76236674
-1.78097830
-1.32962510
-0.57513150
0.22583026
0.81838131
1.03773302
0.86373572
0.42339342
-0.05851692
-0.34257626
-0.26199374
0.21650688
0.97912978
1.80304692
2.43215298
2.66438450
2.42006634
1.76871647
0.90559152
0.08680507
-0.45435932
-0.58165112
-0.29619791
0.26922281
0.89849736
1.36554312
1.50756890
1.27439672
0.73875415
0.06644312
-0.54174181
-0.91573367
-0.96770970
-0.71367829
-0.26025519
0.23648764
0.62460506
0.80386365
0.75244688
0.52588988
0.23109746
-0.01386489
-0.11968207
-0.05252255
0.15995190
0.44336617
0.70542593
0.86820418
0.89327226
0.79224433
0.62071783
0.45863902
0.38408091
0.44851981
0.66054963
0.98202744
1.33704712
1.63093418
1.77431365
1.70648547
1.41273042
0.93150345
0.34938310
-0.21564156
-0.63972926
-0.82227700
-0.71173585
-0.32137942
0.27009031
0.93480436
1.52594001
1.91467787
2.02383568
1.84805319
1.45387109
0.95843359
0.49266078
0.15998660
0.00397950
-0.00390520
0.04851273
0.04870454
-0.09542836
-0.41530199
-0.86115239
-1.30988766
-1.60067317
-1.58764829
-1.19256747
-0.43925072
0.54324752
1.55142011
2.36358003
2.80399357
2.79417724
2.37434955
1.68789057
0.93395177
0.30402478
-0.07619462
-0.18061916
-0.08132367
0.08608916
0.17740068
0.09466409
-0.17844665
-0.57307173
-0.96384511
-1.21842641
-1.24909671
-1.04702376
-0.68639673
-0.29701884
-0.01585016
0.06432334
-0.07040762
-0.35027287
-0.64878993
-0.83163146
-0.80897465
-0.57142432
-0.19562360
0.18320292
0.42192074
0.42473829
0.18210131
-0.22174208
-0.63635226
-0.89847964
-0.89211300
-0.59321452
-0.08226488
0.48072331
0.91054552
1.06147534
0.87932964
0.42224729
-0.15744004
-0.66390351
-0.92332141
-0.84112896
-0.43125797
0.19222908
0.85703307
1.39212940
1.68309366
1.70357548
1.51278719
1.22168531
0.94230235
0.74076698
0.61255843
0.48965953
0.27655726
-0.09949197
-0.64449475
-1.27861776
-1.85141586
-2.18764195
-2.14825110
-1.68426019
-0.86340518
0.14159643
1.10049795
1.79331119
2.07545713
1.91820397
1.41098066
0.72566209
0.05648021
-0.44280617
-0.70227319
-0.74552394
-0.66450083
-0.57103143
-0.54559176
-0.60377346
-0.69385287
-0.72595169
-0.62034591
-0.35443740
0.01257157
0.34972179
0.49835598
0.33534926
-0.16804537
-0.91563224
-1.69905890
-2.25391841
-2.34320732
-1.84099050
-0.78721722
0.60725519
2.01042743
3.06047069
3.47100184
3.11732845
2.07595679
0.60461587
-0.93135624
-2.16319187
-2.82123610
-2.80476940
-2.19934404
-1.23887370
-0.22727063
0.55417135
0.92431438
0.84261933
0.40363136
-0.20786107
-0.78274967
-1.15152698
-1.22661543
-1.01304575
-0.58929943
-0.06986690
0.43450822
0.84483727
1.12295100
1.26303875
1.27402129
1.16349852
0.93180156
0.57841214
0.11645711
-0.41362836
-0.94041737
-1.37282468
-1.62468037
-1.64431312
-1.43739361
-1.07257643
-0.66526621
-0.34309975
-0.20405976
-0.28203616
-0.53273958
-0.84638304
-1.08395580
-1.12522771
-0.91200302
-0.47120667
0.09082755
0.62142202
0.97088382
1.04109988
0.81662035
0.36754443
-0.17643154
-0.67131786
-1.00712032
-1.14204419
-1.11066929
-1.00374161
-0.92761246
-0.95855054
-1.10917213
-1.31943486
-1.47609949
-1.45389384
-1.16382857
-0.59152471
0.18851155
1.02811796
1.74580014
2.17900738
2.23149222
1.90072494
1.27716540
0.51655077
-0.20485045
-0.73764407
-0.99479318
-0.96579104
-0.70772591
-0.31894009
0.09411510
0.44551820
0.68587302
0.80318740
0.81191884
0.73712247
0.60133123
0.41906588
0.19976566
-0.04412821
-0.28981541
-0.50239469
-0.64119006
-0.67257179
-0.58411674
-0.39415285
-0.15150954
0.07567457
0.21933878
0.23285824
0.10697430
-0.12537834
-0.39742073
-0.62756686
-0.74310152
-0.70103186
-0.49971825
-0.17829243
0.19517158
0.54230713
0.79385669
0.90435393
0.85893350
0.67200640
0.38014384
0.03248468
-0.31837700
-0.62356904
-0.84330847
-0.95145151
-0.93992628
-0.82251676
-0.63612214
-0.43701945
-0.29046568
-0.25436754
-0.36045457
-0.59888531
-0.91256483
-1.20552572
-1.36553167
-1.29597305
-0.94799454
-0.34225774
0.42812509
1.21661085
1.86020838
2.22419225
2.24075487
1.92923038
1.39053662
0.77704453
0.24715000
-0.08110683
-0.16216055
-0.03048938
0.21844389
0.46676295
0.61841046
0.63330207
0.53918244
0.41718553
0.36647313
0.46119483
0.71597820
1.07323554
1.41792803
1.61543019
1.55943086
1.21285128
0.62668245
-0.07090691
-0.71242618
-1.14351631
-1.27225114
-1.09830102
-0.71165404
-0.26123111
0.09602288
0.24809384
0.16472268
-0.09445999
-0.40306812
-0.61406762
-0.61270227
-0.35785385
0.10236599
0.64581672
1.11667501
1.37661518
1.34911636
1.04185618
0.54031329
-0.02427935
-0.52035065
-0.85843799
-1.01570758
-1.03456945
-0.99708097
-0.98552069
-1.04451874
-1.15945394
-1.25946212
-1.24462778
-1.02753916
-0.57412197
0.07161212
0.78897906
1.40929759
1.76355737
1.73403272
1.29327460
0.51752647
-0.43014061
-1.34216791
-2.02167483
-2.33407521
-2.24015362
-1.80198651
-1.16097404
-0.49614826
0.02453040
0.28568232
0.24816144
-0.04979655
-0.51168689
-1.01434768
-1.44183686
-1.71213793
-1.79075514
-1.68966719
-1.45486486
-1.14793963
-0.82792207
-0.53830811
-0.30139969
-0.11987775
0.01678454
0.12398008
0.21459425
0.29438084
0.36085697
0.40532036
0.41705508
0.38835448
0.31894712
0.21854644
0.10645149
0.00783017
-0.05292701
-0.06034389
-0.01509556
0.06231164
0.13376598
0.15243475
0.07694214
-0.11258984
-0.40174898
-0.73723416
-1.03364523
-1.19168680
-1.12398796
-0.78168091
-0.17369230
0.62795631
1.49982784
2.29378350
2.87179308
3.13923499
3.06691607
2.69522018
2.11956638
1.46168206
0.83583201
0.32079040
-0.05414406
-0.30554597
-0.47720324
-0.61416182
-0.73953547
-0.84288334
-0.88457414
-0.81441093
-0.59729370
-0.23592120
0.21898201
0.67588004
1.02595560
1.17566808
1.07742832
0.74748288
0.26431248
-0.25300675
-0.67975938
-0.92280004
-0.94773352
-0.78707391
-0.52665362
-0.27498518
-0.12571993
-0.12602692
-0.26135410
-0.46160040
-0.62643184
-0.66104767
-0.51024366
-0.17929084
0.26525680
0.71503399
1.05295612
1.18898065
1.08688317
0.77355857
0.32838406
-0.14332230
-0.54357083
-0.81082631
-0.93568732
-0.95872610
-0.95185642
-0.99033288
-1.12466864
-1.36184402
-1.66166844
-1.94894751
-2.13733736
-2.15692536
-1.97690972
-1.61662957
-1.14187915
-0.64805784
-0.23538194
0.01646169
0.06737300
-0.07536463
-0.36184413
-0.71476118
-1.05044015
-1.29971221
-1.42324155
-1.41777593
-1.31233727
-1.15607597
-1.00164741
-0.88876133
-0.83266552
-0.82066764
-0.81755000
-0.77853883
-0.66587040
-0.46410355
-0.18914772
0.11232038
0.37379868
0.52776608
0.52715536
0.36277800
0.07070403
-0.27404982
-0.57691307
-0.75151454
-0.74769496
-0.57073137
-0.28468811
0.00283006
0.17143792
0.12586199
-0.17053563
-0.67762654
-1.28289615
-1.82867626
-2.15547247
-2.14893116
-1.77624759
-1.10008880
-0.26475517
0.54225058
1.14264344
1.41799127
1.34342853
0.99389165
0.52080641
0.10620028
-0.09180109
0.01442794
0.41713097
1.01727742
1.65543405
2.15930464
2.39293599
2.29280556
1.88053238
1.25000659
0.53475086
-0.13295293
-0.65771490
-1.00085825
-1.17978430
-1.24931119
-1.27345944
-1.29831146
-1.33559350
-1.36189137
-1.33242673
-1.20334011
-0.95345577
-0.59749721
-0.18610961
0.20705626
0.50607042
0.65408919
0.62806775
0.44265211
0.14300215
-0.20977070
-0.55491934
-0.84455120
-1.04919803
-1.15648352
-1.16573684
-1.08267938
-0.91753013
-0.68733714
-0.42074300
-0.16119823
0.03537829
0.11059849
0.01999980
-0.24879734
-0.66291123
-1.14223493
-1.57191671
-1.82799570
-1.80981713
-1.46986118
-0.83154930
0.01170377
0.91697616
1.72682626
2.30879579
2.58786340
2.56219641
2.29784623
1.90454368
1.50062012
1.17847381
0.98107346
0.89641217
0.87035867
0.83244908
0.72497294
0.52517226
0.25321997
-0.03614789
-0.27456959
-0.40558149
-0.40531877
-0.29109246
-0.11502209
0.05458168
0.15720412
0.16066617
0.07097936
-0.07184559
-0.21016124
-0.29112068
-0.28686039
-0.20510637
-0.08636267
0.01123766
0.03389517
-0.04703410
-0.22299106
-0.44939373
-0.65984294
-0.78857641
-0.79333874
-0.67072314
-0.45850412
-0.22395288
-0.04189119
0.03019610
-0.02827042
-0.19337051
-0.40365826
-0.57951965
-0.64876751
-0.57020921
-0.34772960
-0.03047117
0.30085811
0.55718171
0.66661346
0.59466403
0.35340790
-0.00261383
-0.39181776
-0.72724349
-0.93787504
-0.98380935
-0.86175686
-0.60075759
-0.25078668
0.13125706
0.49365760
0.79713290
1.01644610
1.13799660
1.15615326
1.07127594
0.89077733
0.63280471
0.33017900
0.03132852
-0.20440522
-0.31782989
-0.26550610
-0.03562130
0.34131757
0.79183399
1.21113921
1.48598277
1.52350669
1.27844497
0.77063907
0.08664407
-0.63652731
-1.24237073
-1.59297966
-1.60401766
-1.26683626
-0.65108498
0.11314454
0.86903462
1.47315449
1.83061609
1.91543808
1.77068391
1.48895540
1.17973533
0.93414790
0.79790327
0.76081045
0.76567662
0.73303934
0.59341226
0.31605336
-0.07533232
-0.50547985
-0.86836478
-1.05955882
-1.00993053
-0.71004679
-0.21741909
0.35591721
0.87196839
1.20322466
1.26634552
1.04366666
0.58689975
0.00259325
-0.57566329
-1.02027203
-1.23885117
-1.19259572
-0.90033176
-0.42897908
0.12552542
0.66101009
1.08993533
1.35429856
1.43276426
1.34020541
1.12120017
0.83934981
0.56433380
0.35815235
0.26235089
0.28815075
0.41181969
0.57751107
0.70847914
0.72575389
0.57049527
0.22437532
-0.27855859
-0.85371540
-1.38307139
-1.74458958
-1.84634222
-1.65521540
-1.21054619
-0.61687844
-0.01625262
0.45255532
0.69570954
0.69336353
0.50575493
0.25316307
0.07507461
0.08134110
0.31164629
0.71761927
1.17504279
1.52360838
1.62197856
1.40012290
0.89048098
0.22609302
-0.39579080
-0.77428097
-0.77059958
-0.35730461
0.36619448
1.19843657
1.89463045
2.24148903
2.12441578
1.56544225
0.71908856
-0.17307653
-0.85515150
-1.13402052
-0.93658128
-0.32938518
0.50487258
1.32562656
1.90810287
2.10878855
1.90233507
1.37978242
0.71083034
0.08444507
-0.35130376
-0.53066064
-0.48040080
-0.29798292
-0.10774612
-0.01220798
-0.05614497
-0.21553153
-0.41365304
-0.55675846
-0.57467646
-0.45065579
-0.22927628
0.00017716
0.13819482
0.11403660
-0.08549393
-0.40831939
-0.75333872
-1.00465232
-1.07130584
-0.91824398
-0.57748112
-0.13586165
0.29574273
0.62048149
0.78718634
0.80472646
0.73462303
0.66548137
0.67900089
0.82000839
1.08082617
1.40461407
1.70545839
1.89692666
1.91853854
1.75117794
1.41723405
0.96749922
0.46141860
-0.05064290
-0.53635599
-0.97931274
-1.36862673
-1.68691256
-1.90390191
-1.98026236
-1.88133645
-1.59564863
-1.14958857
-0.61076708
-0.07594240
0.35427089
0.60598708
0.65694610
0.54573369
0.36032751
0.20845059
0.17910741
0.30880386
0.56506684
0.85437269
1.05310508
1.05172434
0.79697700
0.31691932
-0.28117855
-0.84072588
-1.20453456
-1.26642245
-1.00821852
-0.50915186
0.07637723
0.56593707
0.80606968
0.72074686
0.33549137
-0.23033288
-0.80026562
-1.19423370
-1.28163078
-1.01750263
-0.45161584
0.29055003
1.04690040
1.66412228
2.03502490
2.11753531
1.93250007
1.54480679
1.03731435
0.48805279
-0.04219787
-0.51026644
-0.88297335
-1.12869573
-1.21506357
-1.11591435
-0.82547637
-0.37314329
0.16945434
0.69540078
1.08446019
1.23489078
1.09491856
0.68252810
0.08516838
-0.56236871
-1.11582256
-1.46312389
-1.55567232
-1.41854943
-1.13582762
-0.81636138
-0.55235625
-0.38607203
-0.29724207
-0.21611930
-0.05786733
0.23467314
0.65619898
1.12652201
1.50709073
1.64271036
1.41520953
0.79059816
-0.15745223
-1.25748688
-2.28241254
-3.01138633
-3.29240827
-3.08549587
-2.47255350
-1.63091078
-0.77918264
-0.11280157
0.25017543
0.29650496
0.11115229
-0.15943325
-0.36046841
-0.38023722
-0.18303901
0.18575307
0.62215654
1.00397546
1.23411124
1.27182012
1.14225357
0.92256789
0.71124176
0.59243168
0.60793466
0.74584094
0.94825872
1.13382672
1.22597367
1.17689751
0.97974607
0.66657477
0.29479438
-0.07145922
-0.37794171
-0.58985351
-0.69289317
-0.68826431
-0.58596937
-0.40063853
-0.15170815
0.13314491
0.41489536
0.64451690
0.77094473
0.75476255
0.58318686
0.28014913
-0.09405395
-0.45575618
-0.72101546
-0.83199655
-0.77740436
-0.59900521
-0.38047737
-0.22092165
-0.20110076
-0.35378331
-0.64877693
-0.99869997
-1.28470440
-1.39418825
-1.25839576
-0.87711952
-0.32207803
0.28244182
0.79560006
1.10088905
1.13873958
0.92076121
0.52180500
0.05389685
-0.36845470
-0.65955855
-0.78054746
-0.73976159
-0.57771873
-0.34448534
-0.07914676
0.20050890
0.49500540
0.80959671
1.13755247
1.44879807
1.69048168
1.80041138
1.72894245
1.46047605
1.02530848
0.49570104
-0.03390641
-0.47622500
-0.77945091
-0.94362625
-1.01807199
-1.07984318
-1.20051545
-1.41357084
-1.69514450
-1.96678215
-2.12056859
-2.05896261
-1.73526086
-1.17947300
-0.49887052
0.14919808
0.60457567
0.75645390
0.58262375
0.16163893
-0.34763366
-0.75356505
-0.89166027
-0.67743393
-0.13486174
0.60909380
1.36225943
1.92515762
2.15041738
1.98475183
1.48091450
0.77695509
0.05111177
-0.53206340
-0.86651102
-0.92682815
-0.76276155
-0.47073714
-0.15467136
0.10881636
0.28880146
0.39694935
0.46659742
0.52447548
0.56805014
0.55890561
0.43575301
0.14251113
-0.33953521
-0.96900618
-1.64169147
-2.21145049
-2.52976004
-2.49164857
-2.07275545
-1.34443937
-0.46067305
0.38037030
0.98883810
1.23399748
1.07802793
0.58297459
-0.11029666
-0.82386825
-1.39174616
-1.70130915
-1.71573803
-1.47271752
-1.06252007
-0.59444251
-0.16356750
0.17203508
0.39801259
0.53480453
0.61872139
0.68133915
0.73497693
0.76887717
0.75616312
0.66776841
0.48729031
0.22101357
-0.10031189
-0.42815137
-0.70844264
-0.89512056
-0.96064985
-0.90097185
-0.73456868
-0.49712953
-0.23426349
0.00566401
0.17750260
0.24425565
0.18169653
-0.01694541
-0.33682371
-0.73953242
-1.16551625
-1.54238701
-1.79882044
-1.88151497
-1.77062203
-1.48850398
-1.09780349
-0.68783273
-0.35172549
-0.16063026
-0.14232701
-0.27143942
-0.47489027
-0.65195439
-0.70339234
-0.56138214
-0.21121622
0.30176628
0.88211635
1.40819709
1.76304557
1.86332916
1.67850683
1.23575964
0.61047291
-0.09375690
-0.76897728
-1.32407923
-1.69848108
-1.86656023
-1.83415100
-1.63031003
-1.29800477
-0.88632160
-0.44499587
-0.02053011
0.34743164
0.63036957
0.81534736
0.90800598
0.93176636
0.92185561
0.91445863
0.93357123
0.98011986
1.02773376
1.02829938
0.92696333
0.68283985
0.28867103
-0.21772130
-0.75565854
-1.21864389
-1.50237439
-1.53557588
-1.30377418
-0.85753378
-0.30123492
0.23530917
0.63426472
0.82464468
0.80322311
0.63420933
0.42706919
0.29900859
0.33394038
0.55131119
0.89535879
1.24905257
1.46917179
1.43183037
1.07452328
0.42111659
-0.41836245
-1.27392549
-1.96030208
-2.32731259
-2.30110009
-1.90428072
-1.24954563
-0.50874135
0.13335698
0.52738154
0.59650596
0.35277214
-0.11065925
-0.64810833
-1.10180693
-1.34305584
-1.30331376
-0.98822926
-0.47240370
0.12214887
0.65720675
1.01100708
1.10474561
0.91770434
0.48883709
-0.09400177
-0.71371673
-1.24780046
-1.59138912
-1.67547106
-1.47753227
-1.02346402
-0.38120943
0.35229810
1.06819026
1.66373059
2.05843318
2.20549299
2.09736841
1.76472802
1.26963660
0.69455091
0.12915324
-0.34287595
-0.65545285
-0.76873483
-0.67408592
-0.39494183
0.01664948
0.48763203
0.93526979
1.28092238
1.46426859
1.45529583
1.26119338
0.92578023
0.52064914
0.12936655
-0.17207278
-0.33342939
-0.34213625
-0.22517601
-0.03987715
0.14394541
0.26539482
0.29076993
0.22283899
0.09783799
-0.02899934
-0.10472517
-0.09948003
-0.01936862
0.09360447
0.17529533
0.16271524
0.01914504
-0.24790322
-0.58280321
-0.89457735
-1.08311955
-1.07091888
-0.82994180
-0.39441720
0.14557548
0.66847286
1.05651652
1.23101241
1.17625847
0.94450649
0.64005590
0.38747651
0.29399123
0.41773300
0.75175214
1.22810328
1.74015845
2.17516432
2.44633275
2.51448150
2.39297589
2.13583730
1.81463117
1.49264336
1.20584026
0.95651381
0.72085873
0.46646642
0.17238557
-0.15630582
-0.48503174
-0.75863776
-0.91935819
-0.92718941
-0.77523196
-0.49455211
-0.14694625
0.19177132
0.45216731
0.58857866
0.58823323
0.47012685
0.27526385
0.05258489
-0.15419300
-0.31487465
-0.41473525
-0.45149125
-0.43037953
-0.36067669
-0.25549854
-0.13433734
-0.02578088
0.03292678
0.00183198
-0.15043759
-0.43319333
-0.82306122
-1.26164090
-1.66458943
-1.94126547
-2.02026269
-1.87253673
-1.52416227
-1.05288085
-0.56801599
-0.17889461
0.03860533
0.06632957
-0.04972256
-0.21394428
-0.31279746
-0.25375298
0.00127535
0.41944824
0.90366849
1.32092983
1.54369227
1.49092869
1.15538137
0.60792187
-0.02271468
-0.58838660
-0.96579892
-1.09236630
-0.98233535
-0.71844401
-0.42254381
-0.21534624
-0.17873431
-0.33282169
-0.63435535
-0.99588443
-1.31802467
-1.52312821
-1.57885884
-1.50414462
-1.35678409
-1.20808205
-1.11466525
-1.09783012
-1.13777433
-1.18414014
-1.17847044
-1.07964103
-0.88249142
-0.62257998
-0.36512141
-0.18202509
-0.12535625
-0.20683985
-0.39097192
-0.60442565
-0.75886762
-0.77953172
-0.63003414
-0.32517768
0.07240116
0.47051448
0.77460927
0.91516306
0.86681267
0.65391542
0.34139127
0.01466066
-0.24471959
-0.38038699
-0.37359897
-0.24425916
-0.04162200
0.17147390
0.33576310
0.40938508
0.37556665
0.24342183
0.04305831
-0.18281217
-0.38842584
-0.53395620
-0.59278306
-0.55649562
-0.43708035
-0.26573986
-0.08788368
0.04568545
0.09032868
0.01954265
-0.16587940
-0.43469770
-0.73028751
-0.98366755
-1.13174236
-1.13571871
-0.99386117
-0.74386033
-0.45300611
-0.19827320
-0.04203714
-0.01115395
-0.08662854
-0.20831211
-0.29403173
-0.26794797
-0.08925458
0.22841069
0.61392173
0.95432635
1.12548780
1.02901975
0.62438608
-0.05377854
-0.89906708
-1.75688900
-2.46180607
-2.87806301
-2.93186272
-2.62651919
-2.03728284
-1.28810518
-0.51814772
0.15179370
0.64397185
0.93340868
1.04211963
1.02171452
0.93139459
0.81872184
0.70871005
0.60305931
0.48795419
0.34605485
0.16765117
-0.04295354
-0.26740649
-0.47863869
-0.64875244
-0.75620937
-0.78988688
-0.74933725
-0.64213853
-0.48043466
-0.27849920
-0.05229433
0.17950086
0.39449488
0.56750002
0.67439657
0.69850636
0.63756889
0.50841995
0.34684307
0.20137720
0.12205204
0.14697331
0.29084509
0.53937876
0.85155132
1.16951754
1.43311717
1.59464925
1.62931479
1.53832527
1.34437467
1.08143581
0.78319385
0.47406963
0.16605511
-0.13817557
-0.43780877
-0.72566573
-0.98312950
-1.18077869
-1.28486850
-1.26745502
-1.11630886
-0.84069050
-0.47053287
-0.04915929
0.37793089
0.77396481
1.11752070
1.40236480
1.63096678
1.80466793
1.91511164
1.94136115
1.85471649
1.63063142
1.26333547
0.77750965
0.23142120
-0.29134176
-0.70067710
-0.92419056
-0.92936525
-0.73599034
-0.41378055
-0.06477558
0.20504387
0.31642574
0.24032284
0.00648188
-0.30593433
-0.59310163
-0.75903673
-0.74564887
-0.55083722
-0.22887043
0.12687060
0.41315944
0.54864719
0.49785827
0.27995302
-0.04015430
-0.37485665
-0.64312460
-0.79608862
-0.83057939
-0.78658504
-0.73002433
-0.72722077
-0.82017536
-1.01115102
-1.26167585
-1.50613132
-1.67471054
-1.71781047
-1.62305008
-1.41910578
-1.16512705
-0.92965621
-0.76650911
-0.69635559
-0.70068440
-0.73047304
-0.72675200
-0.64588272
-0.48047154
-0.26810092
-0.08378047
-0.01769926
-0.14471285
-0.49537309
-1.03806568
-1.67902125
-2.28144357
-2.69906990
-2.81510465
-2.57526414
-2.00517727
-1.20699890
-0.33556023
0.43935753
0.97445664
1.18684377
1.07161298
0.69886450
0.19191975
-0.30667597
-0.67166305
-0.82437196
-0.74762163
-0.48351893
-0.11628071
0.25400572
0.53877646
0.68223593
0.67158629
0.53491084
0.32896741
0.12143786
-0.02692479
-0.07573416
-0.01143750
0.15338045
0.38611789
0.64303819
0.87834962
1.05168634
1.13354379
1.10881805
0.97899772
0.76315676
0.49719038
0.23040613
0.01854939
-0.08665590
-0.04999191
0.13564561
0.44222405
0.80749846
1.14548344
1.36555120
1.39594318
1.20593214
0.81950432
0.31571030
-0.18634981
-0.55534093
-0.68173876
-0.50904857
-0.05315325
0.59649452
1.29538035
1.87806596
2.19929486
2.17115991
1.78610135
1.11928709
0.30983513
-0.47406176
-1.07641634
-1.38982572
-1.37742853
-1.07521300
-0.57531788
0.00369985
0.55019693
0.98659908
1.28301112
1.45473477
1.54610114
1.60726063
1.67234896
1.74627720
1.80435342
1.80401942
1.70422599
1.48518348
1.16132184
0.78254427
0.42284654
0.15948899
0.04922123
0.10901645
0.30764959
0.57124455
0.80172842
0.90338101
0.81005985
0.50545026
0.03061871
-0.52371112
-1.03830109
-1.39472556
-1.50537917
-1.33639507
-0.91752736
-0.33644644
0.28142510
0.80251909
1.11682906
1.16389961
0.94647540
0.52850622
0.01794358
-0.46122277
-0.80030368
-0.93245618
-0.84738560
-0.59033563
-0.24588141
0.08866728
0.33230585
0.44320408
0.42833924
0.33699172
0.24012718
0.20234287
0.25574363
0.38484235
0.52834763
0.59824919
0.51080626
0.21954999
-0.26100871
-0.84997106
-1.41641534
-1.81409321
-1.92454473
-1.69521869
-1.16006522
-0.43482378
0.31283649
0.91020684
1.22929263
1.22389418
0.94206573
0.50939236
0.08810378
-0.17527321
-0.19688910
0.01803516
0.37811922
0.73720006
0.94387176
0.89293737
0.56166213
0.01880849
-0.59657579
-1.11952765
-1.41189620
-1.40584932
-1.12393387
-0.66924156
-0.18963925
0.17147641
0.32097821
0.24302991
-0.00120039
-0.30003671
-0.53375475
-0.61736501
-0.52855227
-0.31110093
-0.05340720
0.14914667
0.23340961
0.19412761
0.08616677
0.00222990
0.03430273
0.23359995
0.58452304
1.00354464
1.36464125
1.54311597
1.46229833
1.12594516
0.62360031
0.10554033
-0.26518077
-0.36761090
-0.16563856
0.27685650
0.81449814
1.26707755
1.47893347
1.37086549
0.96668893
0.38518060
-0.19987434
-0.61784732
-0.75752377
-0.60207293
-0.23100882
0.21103255
0.56697303
0.72227178
0.64239646
0.37938002
0.04568634
-0.23453040
-0.37800651
-0.37838325
-0.31119981
-0.30470280
-0.48621514
-0.92364727
-1.58432143
-2.32858269
-2.94337868
-3.20710761
-2.96536104
-2.19168686
-1.01143341
0.32180373
1.49227653
2.21158548
2.30381736
1.75936188
0.73989238
-0.46766694
-1.53416985
-2.18256414
-2.26444229
-1.79579146
-0.94228485
0.03937185
0.88393396
1.39684424
1.50556409
1.26834828
0.84037384
0.41116325
0.13593152
0.08431419
0.22289132
0.43563300
0.57319422
0.51248215
0.20502782
-0.30257374
-0.88280294
-1.37028243
-1.61843802
-1.54996095
-1.18397055
-0.63103799
-0.05818328
0.36381752
0.51336422
0.35382022
-0.05864866
-0.59656469
-1.10381308
-1.44477673
-1.54407202
-1.40488658
-1.10155887
-0.75072881
-0.47163833
-0.34897686
-0.40969979
-0.61958517
-0.89865346
-1.14849040
-1.28175512
-1.24454313
-1.02601502
-0.65452705
-0.18427776
0.32135619
0.80363373
1.21573344
1.52344663
1.70199587
1.73321473
1.60637655
1.32338964
0.90633737
0.40298291
-0.11429048
-0.55868580
-0.84758101
-0.92501576
-0.78114781
-0.46142459
-0.06082779
0.29731083
0.49318040
0.44461919
0.13334902
-0.38502734
-0.99138051
-1.53195456
-1.85838693
-1.86799262
-1.53277814
-0.90891786
-0.12351891
0.65780139
1.27372370
1.60861411
1.62110129
1.35220345
0.91114470
0.44322144
0.08921882
-0.05220982
0.05139329
0.36183798
0.78627426
1.20788991
1.52202274
1.66663264
1.63831960
1.48936247
1.30733308
1.18402326
1.18371480
1.32096230
1.55511974
1.80330490
1.96794702
1.96986624
1.77630034
1.41437646
0.96524403
0.54025713
0.24635305
0.15185439
0.26377571
0.52455173
0.82973387
1.06143931
1.12693553
0.98957414
0.68173265
0.29488207
-0.05038712
-0.24476220
-0.22755985
-0.00826109
0.33561347
0.68415454
0.91610544
0.95151342
0.78114165
0.47200882
0.14607802
-0.06143174
-0.05042586
0.20563929
0.64515869
1.13383055
1.50629417
1.62082643
1.40906727
0.90357022
0.23296776
-0.41496262
-0.85100587
-0.94452592
-0.66582753
-0.09645737
0.59665935
1.21516239
1.59372648
1.65363307
1.42736524
1.04569580
0.69132549
0.53434886
0.67135364
1.08896285
1.66440392
2.20363747
2.50490855
2.42647024
1.93635036
1.12720550
0.19103899
-0.63808508
-1.15500782
-1.24516955
-0.91746298
-0.29827191
0.41049163
0.99492269
1.29341395
1.24121375
0.88226676
0.34637879
-0.19857268
-0.60215121
-0.77589846
-0.71307100
-0.47921806
-0.17955345
0.08324076
0.24479342
0.29593842
0.27608681
0.24758932
0.26263438
0.33665074
0.43902175
0.50489437
0.46327201
0.26996263
-0.06813434
-0.48787081
-0.88701007
-1.15836667
-1.22865677
-1.08752547
-0.79527282
-0.46517007
-0.22562766
-0.17490705
-0.34440121
-0.68386695
-1.07481105
-1.36817791
-1.43422706
-1.20749817
-0.71153831
-0.05439335
0.60403387
1.10221286
1.32820432
1.25488597
0.94767531
0.54236776
0.20072724
0.05864969
0.18381864
0.55629195
1.07733299
1.60254576
1.98750605
2.13047743
1.99896436
1.63264577
1.12383850
0.58399401
0.10871738
-0.24679493
-0.47460257
-0.60298040
-0.67382033
-0.71852963
-0.74239320
-0.72346289
-0.62584634
-0.42160644
-0.11190235
0.26171698
0.62131346
0.87157355
0.92784830
0.74382653
0.32918949
-0.24894017
-0.88166881
-1.44631588
-1.83812800
-1.99601035
-1.91540365
-1.64522582
-1.27138167
-0.89293404
-0.59815973
-0.44702403
-0.46304708
-0.63438304
-0.92104764
-1.26446353
-1.59635338
-1.84612346
-1.94753095
-1.84667648
-1.51203873
-0.94565698
-0.19194121
0.66047041
1.48781828
2.15233002
2.53235604
2.55419556
2.21620184
1.59642226
0.83903713
0.12105791
-0.39278400
-0.59426228
-0.46188757
-0.06705935
0.44658745
0.90534867
1.15671665
1.11426749
0.78227271
0.25247956
-0.32577136
-0.79234854
-1.02504254
-0.97459615
-0.67521110
-0.22781516
0.23741531
0.60621117
0.81742737
0.87989385
0.86345747
0.86792615
0.98122111
1.24170777
1.61838872
2.01634766
2.30626762
2.36823485
2.13526088
1.62151021
0.92525087
0.20469447
-0.36616273
-0.64797062
-0.57709868
-0.18441757
0.41374983
1.04958388
1.55175332
1.79282224
1.72186058
1.37322134
0.85033338
0.29058833
-0.17679072
-0.46679501
-0.55833700
-0.49293966
-0.35469623
-0.23921887
-0.22211868
-0.33659267
-0.56613781
-0.85293551
-1.11782684
-1.28440038
-1.29971511
-1.14580834
-0.84009011
-0.42634702
0.03938739
0.50282775
0.92127955
1.26736488
1.52738830
1.69672029
1.77519704
1.76473680
1.66986933
1.50008957
1.27218189
1.01048575
0.74408856
0.50152898
0.30469880
0.16426124
0.07860817
0.03692043
0.02541471
0.03450042
0.06401501
0.12433484
0.23244867
0.40412461
0.64456616
0.94090342
1.25942835
1.54897546
1.75019849
1.80848289
1.68706384
1.37703751
0.90147850
0.31275419
-0.31625492
-0.90492454
-1.37867517
-1.68114273
-1.78249935
-1.68310169
-1.41235953
-1.02352993
-0.58550021
-0.17269371
0.14591467
0.31743592
0.31412067
0.13930994
-0.17123751
-0.55373781
-0.92664034
-1.20568283
-1.32111476
-1.23353180
-0.94430478
-0.49753460
0.02789722
0.53511841
0.93134635
1.15002889
1.16731288
1.00818922
0.74022796
0.45598398
0.24842056
0.18578687
0.29286527
0.54402472
0.87038428
1.17948133
1.38220489
1.41933512
1.28004992
1.00645654
0.68231253
0.40866682
0.27291833
0.32048960
0.53765129
0.85144239
1.14765485
1.30255662
1.21962844
0.86055863
0.26087289
-0.47547566
-1.20199736
-1.76946637
-2.06838074
-2.06141171
-1.79558711
-1.38957044
-0.99888112
-0.76850439
-0.78720209
-1.05752474
-1.49166302
-1.93568303
-2.21598533
-2.19455528
-1.81631682
-1.13327967
-0.29696399
0.48037474
0.98517905
1.06555475
0.67877385
-0.09165847
-1.05547588
-1.96686705
-2.59283414
-2.77848180
-2.48978186
-1.82098914
-0.96432884
-0.15148515
0.41499340
0.61942731
0.46220458
0.05202735
-0.43550675
-0.81889941
-0.97122364
-0.86026449
-0.55548993
-0.19993017
0.04311613
0.05031782
-0.21514415
-0.68689953
-1.21478121
-1.61437731
-1.73043318
-1.49298365
-0.94680540
-0.24352762
0.40229656
0.77978110
0.74974264
0.29222838
-0.48244063
-1.36339389
-2.10107166
-2.48210380
-2.39394128
-1.85883874
-1.02665997
-0.12883379
0.59209729
0.95522755
0.89393105
0.47253096
-0.13730585
-0.71211839
-1.04612594
-1.01282611
-0.60010890
0.09071391
0.87994261
1.56603138
1.98507682
2.05470692
1.79008240
1.28923396
0.69502311
0.14796439
-0.25401113
-0.47641366
-0.54487640
-0.52152602
-0.47172574
-0.43453966
-0.40798464
-0.35378374
-0.21899009
0.03494185
0.40748395
0.84916537
1.27106264
1.57107885
1.66784301
1.53000763
1.18999850
0.73652323
0.28776115
-0.04604289
-0.19772530
-0.16377234
-0.00280952
0.18783919
0.30970118
0.30180009
0.16657556
-0.02663405
-0.16282199
-0.12095278
0.18082959
0.74976036
1.50546481
2.29492005
2.93225178
3.25135611
3.15562205
2.64869231
1.83657059
0.89966707
0.04321596
-0.55924133
-0.81208944
-0.71988113
-0.37942926
0.05503138
0.42207625
0.60265995
0.55366652
0.31542289
-0.00806834
-0.28885004
-0.42103354
-0.35772824
-0.12677339
0.17957518
0.43744914
0.53547212
0.41546372
0.09605419
-0.32894631
-0.71742582
-0.92295946
-0.84223599
-0.45093669
0.18334167
0.91559947
1.56139917
1.94717393
1.95813664
1.56978937
0.85423754
-0.04012041
-0.92880931
-1.63949612
-2.05393535
-2.13262519
-1.91585756
-1.50324621
-1.01926497
-0.57638543
-0.24721635
-0.05302854
0.02932524
0.04671362
0.04380535
0.04185965
0.02989532
-0.02890649
-0.17825596
-0.44467448
-0.81761505
-1.24189659
-1.62638196
-1.86729369
-1.87930122
-1.62443969
-1.12912234
-0.48294553
0.18160410
0.72320885
1.02984079
1.04966672
0.80541495
0.38771818
-0.07073545
-0.43260852
-0.59396578
-0.51184630
-0.21361665
0.21402682
0.65248991
0.98637656
1.13565839
1.07561077
0.83938363
0.50376105
0.16349231
-0.09701611
-0.22589668
-0.21371687
-0.08932376
0.09534877
0.28517478
0.43905524
0.53885914
0.58780752
0.60042913
0.58908131
0.55337468
0.47731733
0.33580468
0.10811181
-0.20711372
-0.58185483
-0.95891794
-1.26383325
-1.42561601
-1.39989750
-1.18623073
-0.83282836
-0.42576412
-0.06492319
0.16625778
0.22746410
0.13537986
-0.04072413
-0.20130336
-0.25026777
-0.12937682
0.15829777
0.54449441
0.91402192
1.14041602
1.12824909
0.84838983
0.35412339
-0.22843427
-0.73415050
-1.00752645
-0.95151781
-0.56108160
0.06984184
0.77131794
1.34454893
1.61941933
1.50531041
1.01930470
0.28287354
-0.51263638
-1.16154293
-1.50377768
-1.47095695
-1.10460268
-0.54088578
0.03324667
0.43890768
0.56074755
0.38184536
-0.01270379
-0.46450923
-0.79359476
-0.85680628
-0.59440195
-0.05023931
0.64077788
1.29392234
1.73148261
1.83745772
1.59292563
1.08131008
0.46216753
-0.07805140
-0.38257884
-0.37073355
-0.05992949
0.44291087
0.97708977
1.37911989
1.53262439
1.40153565
1.03682576
0.55562554
0.10041635
-0.20780666
-0.30710467
-0.21109624
0.00022726
0.21138050
0.31291820
0.23949170
-0.00830037
-0.36518326
-0.72463699
-0.97609543
-1.04300639
-0.90883596
-0.62227061
-0.28009885
0.00617082
0.14841278
0.11162060
-0.07483339
-0.32830762
-0.54251891
-0.62555085
-0.53315688
-0.28583680
0.03645409
0.32052924
0.45856062
0.38614388
0.10691484
-0.30493777
-0.72570274
-1.02033709
-1.08572496
-0.88494470
-0.46134977
0.07238838
0.56717605
0.88202091
0.92621324
0.68599421
0.22739049
-0.32527728
-0.82814281
-1.16120165
-1.26267007
-1.14361352
-0.87892718
-0.57851392
-0.34880450
-0.25784439
-0.31565324
-0.47613369
-0.65933260
-0.78598651
-0.81168410
-0.74828021
-0.66418054
-0.66240498
-0.84308697
-1.26259337
-1.90354307
-2.66671507
-3.38963609
-3.88766990
-4.00630166
-3.66897156
-2.90563017
-1.85194808
-0.71863945
0.26174427
0.89557100
1.07894459
0.82410044
0.25352535
-0.43650965
-1.03237106
-1.36314512
-1.34699762
-1.01065936
-0.47694073
0.07554702
0.46802858
0.57598487
0.36620610
-0.09406349
-0.65823106
-1.14497771
-1.39287993
-1.30884176
-0.89603982
-0.25359217
0.45169380
1.03287018
1.33569557
1.28146162
0.88781127
0.26204755
-0.43037886
-1.01261834
-1.34469510
-1.35966134
-1.07790875
-0.59661315
-0.05839548
0.39086223
0.64257049
0.65294255
0.45041225
0.12211819
-0.21537782
-0.45157170
-0.51316192
-0.38206217
-0.09612025
0.26632047
0.61218556
0.86122314
0.96710098
0.92637004
0.77378817
0.56694723
0.36611908
0.21623062
0.13654050
0.12045899
0.14440270
0.18136770
0.21385645
0.24108769
0.27805400
0.34706654
0.46524060
0.63301738
0.82842630
1.00977948
1.12645310
1.13441899
1.01130531
0.76581794
0.43776390
0.08849401
-0.21576061
-0.42229670
-0.50628794
-0.47636372
-0.36959640
-0.23753598
-0.12788210
-0.06792262
-0.05533990
-0.05960421
-0.03371499
0.06738695
0.26776850
0.55716523
0.88812927
1.18512775
1.36350597
1.35287329
1.11825832
0.67280185
0.07814787
-0.56755851
-1.15089375
-1.56779861
-1.74521049
-1.65439079
-1.31333179
-0.77866997
-0.13042852
0.54578961
1.17433968
1.69961204
2.08945463
2.33305641
2.43566166
2.41300407
2.28726910
2.08521554
1.83774252
1.57896982
1.34364669
1.16220661
1.05432579
1.02321606
1.05308661
1.11183017
1.15906584
1.15812341
1.08823204
0.95298638
0.78142717
0.62036958
0.51931140
0.51210985
0.60122548
0.75023011
0.88845149
0.92787684
0.78862764
0.42617076
-0.14815871
-0.86040851
-1.58475388
-2.17061988
-2.47977200
-2.42395096
-1.99216013
-1.25926556
-0.37226453
0.48326043
1.12826758
1.43501878
1.35924250
0.95064466
0.33852413
-0.30372051
-0.80541123
-1.04373275
-0.97450515
-0.64019475
-0.15323912
0.33997009
0.70348868
0.85139349
0.77080309
0.52190193
0.21548831
-0.02456880
-0.10201772
0.02067270
0.31048057
0.67467937
0.99080066
1.14604232
1.07353613
0.77402117
0.31603670
-0.18530092
-0.60410084
-0.84278963
-0.86191931
-0.69147196
-0.42013545
-0.16611755
-0.03899398
-0.10463808
-0.36437114
-0.75475207
-1.16775865
-1.48472098
-1.61315416
-1.51482057
-1.21646374
-0.80027396
-0.37758135
-0.05444503
0.09991303
0.07221454
-0.09373359
-0.31330052
-0.48912116
-0.54171946
-0.43344218
-0.17886372
0.16046715
0.49431737
0.72881219
0.79068844
0.64434421
0.29827572
-0.19901939
-0.77065257
-1.32618822
-1.77592575
-2.04227882
-2.06815821
-1.82332923
-1.30957860
-0.56500351
0.33452532
1.27932495
2.13765512
2.77596040
3.08508252
3.00655990
2.55187332
1.80716142
0.91962828
0.06654405
-0.58646654
-0.92695509
-0.92509825
-0.64153012
-0.21006286
0.20091303
0.43767275
0.40658588
0.10197661
-0.39251455
-0.92985620
-1.34525727
-1.50759358
-1.36064970
-0.94139617
-0.36957670
0.18827602
0.56897655
0.66146508
0.43919466
-0.03347581
-0.62224889
-1.16398281
-1.51469197
-1.58971647
-1.38430601
-0.96981242
-0.46832963
-0.01536006
0.27728726
0.34717078
0.18932119
-0.15302571
-0.60913284
-1.10399045
-1.57561850
-1.98179704
-2.29636554
-2.50016233
-2.57299267
-2.49262283
-2.24272516
-1.82680894
-1.28176309
-0.68324812
-0.13756810
0.24049735
0.35870484
0.17755494
-0.27105182
-0.88479401
-1.51355793
-1.99839459
-2.21576112
-2.11312909
-1.72453319
-1.16043822
-0.57469881
-0.11892415
0.10146479
0.05543339
-0.20973608
-0.58918030
-0.95817981
-1.21354308
-1.30444117
-1.24286572
-1.09099201
-0.93135572
-0.83153546
-0.81699414
-0.86198777
-0.90198861
-0.86248914
-0.69280491
-0.39157902
-0.01342748
0.34672214
0.58661038
0.63512396
0.48181333
0.18569258
-0.14120561
-0.37089261
-0.40462102
-0.21012024
0.16311184
0.59711610
0.94411290
1.07789943
0.94037356
0.56647642
0.07779781
-0.35443021
-0.56539053
-0.45339945
-0.01785590
0.63502492
1.32161458
1.83650117
2.01641103
1.79140709
1.20649307
0.40635535
-0.41145645
-1.05924957
-1.41673818
-1.46434212
-1.28144265
-1.01105159
-0.80370707
-0.76067207
-0.89648087
-1.13413540
-1.33486451
-1.35183806
-1.08915236
-0.54463664
0.17906317
0.90042700
1.41433698
1.55880051
1.27091988
0.61308794
-0.24015385
-1.05122715
-1.58931787
-1.69908280
-1.34634415
-0.62671688
0.26521391
1.09579779
1.66204870
1.84926094
1.65914392
1.20088183
0.64985259
0.18848110
-0.05089980
-0.02336337
0.22191509
0.56575465
0.86398894
0.99737345
0.90964061
0.62192792
0.22040184
-0.17706070
-0.46257056
-0.57365068
-0.51095865
-0.33336452
-0.13358078
-0.00391963
-0.00449603
-0.14465118
-0.38307742
-0.64534135
-0.85161207
-0.94434111
-0.90624463
-0.76312169
-0.57159135
-0.39722154
-0.29163930
-0.27679558
-0.34159195
-0.45116347
-0.56425519
-0.65157793
-0.70773208
-0.75219717
-0.81925165
-0.94083708
-1.12944978
-1.36781282
-1.60999429
-1.79412724
-1.86272393
-1.78355253
-1.56357556
-1.25069608
-0.92191405
-0.66131649
-0.53459565
-0.56820826
-0.73980113
-0.98313689
-1.20621951
-1.31718199
-1.25035193
-0.98495799
-0.55118234
-0.02233770
0.50425507
0.93194333
1.18805016
1.23968886
1.09851359
0.81403078
0.45829791
0.10669307
-0.17986176
-0.36688009
-0.45003947
-0.45071111
-0.40535026
-0.35218716
-0.31913411
-0.31594339
-0.33256391
-0.34377167
-0.31850753
-0.23121556
-0.07187529
0.14830418
0.39743390
0.62998959
0.79881565
0.86886140
0.82867460
0.69594984
0.51478006
0.34466076
0.24382882
0.25160445
0.37516387
0.58542541
0.82409523
1.02063129
1.11444555
1.07548397
0.91627558
0.69074898
0.47916136
0.36302637
0.39775996
0.59205854
0.90157047
1.24008364
1.50596290
1.61568775
1.53404342
1.28992959
0.97142767
0.70008767
0.59126098
0.71294477
1.05671785
1.53159707
1.98480379
2.24461811
2.17340044
1.71419032
0.91589468
-0.07235506
-1.03756909
-1.76023048
-2.07596332
-1.92294445
-1.36041272
-0.55225717
0.27969579
0.91869693
1.21350977
1.11816177
0.69963384
0.11206986
-0.45350165
-0.82766567
-0.91114220
-0.69899007
-0.27446267
0.22358390
0.64767507
0.88715570
0.89769067
0.70669576
0.39514587
0.06409409
-0.20115249
-0.35657095
-0.40668557
-0.39280929
-0.36865978
-0.37403027
-0.41730557
-0.47357525
-0.49848921
-0.45154806
-0.31861798
-0.12367156
0.07599800
0.21021559
0.22454107
0.10567455
-0.10707830
-0.33037373
-0.46401573
-0.42793776
-0.19568762
0.18863238
0.61786939
0.95310468
1.06944204
0.90089960
0.46842840
-0.12006073
-0.69952685
-1.09901328
-1.19795271
-0.96858097
-0.48943086
0.07581596
0.52850828
0.69840882
0.49970516
-0.03910901
-0.78184176
-1.52620300
-2.06715035
-2.26148547
-2.07244979
-1.57992800
-0.95282635
-0.39311687
-0.07003015
-0.06634056
-0.35411581
-0.80744371
-1.24725329
-1.50254554
-1.46726562
-1.13389937
-0.59301501
0.00021403
0.48041557
0.72841570
0.71050523
0.48770331
0.19263470
-0.01731296
-0.01410226
0.25803355
0.76486239
1.39471844
1.99601963
2.42617837
2.59506293
2.48904885
2.16870263
1.74289322
1.32959106
1.01805497
0.84496995
0.79168499
0.80143563
0.80809328
0.76455992
0.65979453
0.51856926
0.38539769
0.30021869
0.27677246
0.29332828
0.30011696
0.24107278
0.08119947
-0.17184717
-0.46171959
-0.69706001
-0.78151167
-0.65002018
-0.29840396
0.20550055
0.73458544
1.13648477
1.27853631
1.08909221
0.58140360
-0.14812417
-0.94708410
-1.65075138
-2.12806373
-2.31515381
-2.22591874
-1.93777778
-1.55844378
-1.18672405
-0.88132074
-0.64828176
-0.45053142
-0.23468349
0.03639109
0.35844037
0.67870889
0.91031056
0.96344044
0.78201678
0.37182880
-0.19109884
-0.77651535
-1.23619809
-1.44893774
-1.35925932
-0.99656591
-0.46783081
0.07432485
0.47792380
0.63736494
0.52388612
0.19138357
-0.24368419
-0.64080713
-0.87921502
-0.89262660
-0.68431906
-0.31909511
0.10339355
0.48332907
0.75093547
0.88217677
0.89588160
0.83534328
0.74301912
0.63909755
0.51263316
0.32864061
0.04802795
-0.34797495
-0.83921174
-1.36209068
-1.82234117
-2.12144506
-2.18811167
-2.00368689
-1.61220550
-1.11110943
-0.62486577
-0.27020437
-0.12386749
-0.20333420
-0.46619438
-0.82744450
-1.18826571
-1.46604576
-1.61583013
-1.63699906
-1.56438031
-1.44878831
-1.33539097
-1.24806942
-1.18553637
-1.12937723
-1.05969356
-0.97055703
-0.87823862
-0.81765715
-0.82790468
-0.93243064
-1.12207529
-1.34894340
-1.53530565
-1.59634394
-1.46974537
-1.14232111
-0.66359450
-0.14014739
0.28921424
0.49098983
0.37620240
-0.07086532
-0.78362123
-1.62698956
-2.43031468
-3.02978537
-3.30786794
-3.21910527
-2.79529200
-2.13080658
-1.35362041
-0.59194686
0.05325901
0.52345362
0.80287773
0.90749528
0.86903084
0.72112542
0.49264230
0.20918567
-0.10024646
-0.39680665
-0.63100380
-0.75038260
-0.71455816
-0.51254351
-0.17527744
0.22315473
0.57871998
0.78322978
0.75596893
0.47148983
-0.02591857
-0.62720983
-1.18321349
-1.54310193
-1.59590155
-1.30304442
-0.71201433
0.05352057
0.82460745
1.43048525
1.74231510
1.70501360
1.34855193
0.77629120
0.13453301
-0.42743741
-0.79519783
-0.91475257
-0.79966921
-0.51941801
-0.17392134
0.13728894
0.34201561
0.41135518
0.36137165
0.24177347
0.11643279
0.04243086
0.05388320
0.15466575
0.32097445
0.51170568
0.68264997
0.79989181
0.84871210
0.83610778
0.78694693
0.73560331
0.71569380
0.75065801
0.84726182
0.99315597
1.15880933
1.30320568
1.38227837
1.35872582
1.21154254
0.94346826
0.58452320
0.19018908
-0.16653170
-0.40850735
-0.47134511
-0.32013126
0.03804862
0.54977542
1.12161265
1.63696189
1.98063062
2.06566688
1.85582592
1.37747660
0.71694780
0.00296745
-0.62215376
-1.03591944
-1.16500221
-1.00300623
-0.61174755
-0.10539049
0.37842144
0.71307892
0.81409290
0.65872235
0.28931571
-0.20001012
-0.68927643
-1.06376427
-1.24202292
-1.19362351
-0.94274392
-0.55790182
-0.13170543
0.24299894
0.49397838
0.58242608
0.50571602
0.29120076
-0.01538816
-0.36233565
-0.70141854
-0.99244792
-1.20347537
-1.30884047
-1.28811683
-1.12805711
-0.82781376
-0.40560443
0.09662696
0.61411301
1.06787655
1.38057303
1.49609738
1.39737424
1.11607605
0.72997240
0.34664810
0.07692429
0.00483025
0.16283736
0.52033880
0.98984231
1.45035613
1.78187059
1.90127640
1.78878817
1.49643991
1.13507793
0.84282982
0.74374294
0.90869059
1.33037536
1.92053471
2.53098650
2.99307771
3.16458614
2.97033334
2.42494762
1.63081789
0.75135966
-0.03227099
-0.56928402
-0.77810630
-0.66533136
-0.31979550
0.11586197
0.48730254
0.67178907
0.61021754
0.31910573
-0.11993098
-0.58907618
-0.97214377
-1.18960003
-1.22035556
-1.10434418
-0.92576281
-0.78283456
-0.75388254
-0.87011215
-1.10376608
-1.37488934
-1.57488714
-1.59967698
-1.38275912
-0.91829713
-0.26748444
0.45388049
1.10333271
1.54764467
1.69691125
1.52767913
1.08898134
0.48973248
-0.12895477
-0.62922303
-0.91034803
-0.93232551
-0.72337687
-0.36980865
0.00863309
0.29110953
0.38719847
0.25942351
-0.06865407
-0.52027274
-0.98655662
-1.35475828
-1.53602395
-1.48562490
-1.21092124
-0.76596695
-0.23537394
0.28746620
0.72146327
1.01289446
1.14139279
1.11686938
0.96998743
0.74049636
0.46744437
0.18410070
-0.08214469
-0.30661370
-0.46410358
-0.52852153
-0.47701321
-0.29781108
0.00092198
0.38529982
0.79645638
1.15956169
1.39978148
1.46130967
1.32372787
1.01016271
0.58392030
0.13357370
-0.24972096
-0.49615466
-0.57527213
-0.50245719
-0.33180108
-0.13758803
0.00966954
0.06497683
0.02133061
-0.09098438
-0.21786321
-0.30286016
-0.30928061
-0.23520912
-0.11619002
-0.01443233
0.00201828
-0.11670395
-0.38309948
-0.76436517
-1.18853382
-1.56290361
-1.79906441
-1.83686871
-1.66019072
-1.30011630
-0.82536357
-0.32357926
0.12046969
0.44310712
0.61199070
0.62660529
0.51092950
0.30214503
0.03995152
-0.24025521
-0.50935472
-0.74299661
-0.91939607
-1.01917185
-1.02850706
-0.94470501
-0.78144643
-0.57026606
-0.35589503
-0.18524056
-0.09287607
-0.08778551
-0.14674096
-0.21812979
-0.23656616
-0.14482762
0.08365792
0.42952104
0.82570562
1.17155035
1.35987936
1.30971954
0.99461227
0.45715516
-0.19583239
-0.81750024
-1.25831290
-1.40605696
-1.21687131
-0.72787190
-0.04745453
0.67412339
1.28541048
1.67383929
1.79369024
1.67419173
1.40585804
1.10992092
0.89997306
0.84761429
0.96178781
1.18749569
1.42367620
1.55453805
1.48517934
1.17113637
0.63393961
-0.04147249
-0.72645438
-1.28011964
-1.58427548
-1.57315539
-1.25054280
-0.69052376
-0.02166356
0.60153922
1.03329558
1.16944442
0.97116425
0.47401578
-0.21989512
-0.96506079
-1.60602097
-2.01330832
-2.11344950
-1.90552614
-1.45977655
-0.89846626
-0.36331083
0.02188692
0.18359878
0.11683637
-0.11590867
-0.40497064
-0.62743058
-0.68473406
-0.53291570
-0.19618022
0.24043259
0.65719385
0.93677850
1.00080559
0.83447356
0.49151889
0.07788524
-0.28067895
-0.47687846
-0.45390549
-0.22125232
0.15037913
0.55292660
0.87544860
1.03783965
1.01297077
0.83054300
0.56230342
0.29438006
0.09681078
0.00069766
-0.00942724
0.01393845
0.00399052
-0.09306994
-0.29596715
-0.57926877
-0.88028349
-1.11917821
-1.22500934
-1.15850014
-0.92391899
-0.56633279
-0.15588271
0.23487917
0.55244129
0.77525757
0.91439737
1.00263808
1.07699321
1.16170959
1.25804001
1.34438604
1.38599898
1.35015216
1.22042458
1.00474267
0.73423575
0.45376031
0.20810255
0.02922776
-0.07061333
-0.09797730
-0.07068145
-0.00756886
0.07960650
0.18856143
0.32234976
0.48091378
0.65300765
0.81301361
0.92547970
0.95664850
0.88888034
0.73192040
0.52536169
0.32963270
0.20721040
0.20005169
0.31151575
0.50024864
0.68992363
0.79292332
0.74077894
0.51080955
0.13896760
-0.28701655
-0.65338525
-0.85733615
-0.84299387
-0.62370347
-0.28193605
0.05445833
0.25280169
0.21986742
-0.06501065
-0.53972780
-1.07631933
-1.52015839
-1.73889147
-1.66494746
-1.31752381
-0.79649072
-0.25028382
0.17145166
0.36462822
0.30133484
0.03452189
-0.32410141
-0.64454479
-0.82280510
-0.81335108
-0.63901662
-0.37547738
-0.11709897
0.06256869
0.14052198
0.15285911
0.17859764
0.30466863
0.58516009
1.01033457
1.49801846
1.91214036
2.10349585
1.95961676
1.44697080
0.63062709
-0.33628716
-1.25095743
-1.91562719
-2.19165662
-2.03626253
-1.51077707
-0.75883431
0.03780165
0.71111251
1.15009983
1.32292603
1.27295875
1.09259281
0.88568421
0.73226271
0.66704313
0.67756366
0.71999541
0.74475283
0.72090149
0.64980418
0.56331071
0.50799011
0.52268482
0.61880700
0.77176552
0.92738482
1.02110610
1.00279870
0.85757325
0.61445822
0.33894537
0.11167328
0.00047916
0.03578331
0.19820964
0.42316438
0.62112421
0.70693683
0.62816208
0.38287687
0.02096250
-0.37155468
-0.69971081
-0.88921150
-0.90874995
-0.77786462
-0.55819613
-0.33157014
-0.17241214
-0.12369312
-0.18407618
-0.30995726
-0.43121101
-0.47513192
-0.39073614
-0.16580952
0.16819858
0.54450956
0.87956765
1.09608638
1.14390841
1.01309995
0.73621878
0.37974419
0.02735307
-0.24045669
-0.36550356
-0.32549561
-0.13934961
0.13676057
0.42169611
0.62742269
0.67929403
0.53424720
0.19287807
-0.29777301
-0.85208817
-1.36347781
-1.72826531
-1.87051480
-1.76145294
-1.42825914
-0.94904181
-0.43459637
-0.00128415
0.25798705
0.29669690
0.12508587
-0.19503512
-0.56945392
-0.89895511
-1.10672384
-1.15756778
-1.06349227
-0.87459643
-0.65891081
-0.47836412
-0.36901559
-0.33189656
-0.33695699
-0.33801324
-0.29258347
-0.17919099
-0.00570553
0.19415000
0.37450406
0.49576932
0.54052051
0.52051062
0.47179346
0.43954476
0.45826377
0.53484194
0.64158024
0.72237930
0.71093087
0.55494075
0.23802021
-0.20870846
-0.71004399
-1.16486909
-1.47352813
-1.56597051
-1.42139908
-1.07324693
-0.59815840
-0.09267874
0.35422545
0.68395882
0.87914362
0.95983126
0.96738554
0.94270226
0.90707205
0.85277004
0.74674786
0.54582623
0.21763562
-0.24075198
-0.79352320
-1.37016554
-1.88198853
-2.24592315
-2.40780170
-2.35751620
-2.13109925
-1.79899332
-1.44463223
-1.13996918
-0.92592366
-0.80335842
-0.73699456
-0.67030812
-0.54620743
-0.32686003
-0.00676569
0.38436908
0.78897464
1.13624681
1.35939334
1.41060435
1.27037658
0.94966654
0.48584688
-0.06553643
-0.64044402
-1.17543457
-1.61495704
-1.91668210
-2.05512622
-2.02384535
-1.83608296
-1.52342830
-1.13188847
-0.71540260
-0.32753396
-0.01288242
0.19975441
0.30064592
0.29810398
0.21353214
0.07438460
-0.09265620
-0.26605055
-0.43031999
-0.57379603
-0.68507043
-0.75045040
-0.75446210
-0.68401839
-0.53520128
-0.32003384
-0.06995161
0.16657752
0.33304999
0.37902640
0.27551538
0.02690931
-0.32487444
-0.70636313
-1.02799030
-1.20544585
-1.18130147
-0.94085502
-0.51764098
0.01316582
0.55186336
0.99730537
1.26986842
1.32843777
1.17741111
0.86247710
0.45711729
0.04389923
-0.30434018
-0.53875936
-0.64133158
-0.62341297
-0.51759123
-0.36562325
-0.20604697
-0.06453079
0.05100528
0.14977330
0.25276219
0.38437232
0.56334841
0.79538005
1.06933892
1.35815087
1.62438345
1.82917202
1.94235534
1.95103594
1.86386126
1.70949886
1.52909452
1.36451404
1.24534595
1.18010268
1.15059700
1.12098021
1.04248155
0.88140187
0.61532711
0.27275282
-0.13533833
-0.50590201
-0.74219987
-0.83008482
-0.75030768
-0.54588678
-0.28375859
-0.05375001
0.06823299
0.03579025
-0.15056320
-0.44633785
-0.77633512
-1.05811341
-1.22626886
-1.24998668
-1.13848483
-0.93306935
-0.68950694
-0.45754157
-0.26514991
-0.11306510
0.01901651
0.15780636
0.31987718
0.50051995
0.67303058
0.79927718
0.84746128
0.80976138
0.71190602
0.60952370
0.57096742
0.65201232
0.87158276
1.19822344
1.55401177
1.83646341
1.95222352
1.85143949
1.55019382
1.13185388
0.72489632
0.46292074
0.43965178
0.67381518
1.09703869
1.57000198
1.92320037
2.00984208
1.75373613
1.17616072
0.39218868
-0.42312911
-1.08803791
-1.46967834
-1.52377267
-1.30533182
-0.94709502
-0.61319668
-0.44377817
-0.50936501
-0.79015665
-1.18671620
-1.55773724
-1.77131921
-1.75140732
-1.50355886
-1.11104671
-0.70334739
-0.40857154
-0.30693761
-0.40214259
-0.62062660
-0.83908304
-0.93026639
-0.81070829
-0.47332436
0.00688424
0.49626084
0.84690637
0.94687385
0.75854619
0.33205665
-0.21082186
-0.71660610
-1.05001861
-1.13684953
-0.98536752
-0.67955483
-0.34733022
-0.11522339
-0.06539701
-0.20958724
-0.48808547
-0.79306662
-1.00706337
-1.04268782
-0.86973576
-0.52110090
-0.07670916
0.36729685
0.73213624
0.98019074
1.12094936
1.19793905
1.26292748
1.34837227
1.44959517
1.52404195
1.50847051
1.34748997
1.02229422
0.56769038
0.06968152
-0.35730843
-0.60681103
-0.61801351
-0.40139974
-0.04231967
0.32024711
0.53415349
0.48142108
0.11735835
-0.51147466
-1.27679327
-2.00327781
-2.51809397
-2.70014570
-2.51393549
-2.01787382
-1.34489663
-0.66158103
-0.11879383
0.19095342
0.25669776
0.14619293
-0.02128682
-0.11738904
-0.04882094
0.21066264
0.61023978
1.03700131
1.35129454
1.43162021
1.21554691
0.72418289
0.06246909
-0.60528566
-1.09829972
-1.26877748
-1.04418223
-0.45031565
0.39174528
1.29452314
2.05164749
2.49137649
2.52163370
2.15431496
1.50168595
0.74561036
0.08763414
-0.30658828
-0.35288007
-0.07140000
0.42012724
0.94131659
1.30237930
1.36074903
1.06454127
0.46999465
-0.27254796
-0.96042838
-1.39624366
-1.44439556
-1.07003147
-0.34898354
0.55400694
1.43188533
2.09246224
2.40892871
2.34892142
1.97437819
1.41376905
0.81689942
0.30769202
-0.04974518
-0.26157210
-0.38927756
-0.51635564
-0.70957781
-0.98945578
-1.32080407
-1.62648368
-1.81920676
-1.83907175
-1.68237451
-1.41008831
-1.13160638
-0.96822899
-1.00862177
-1.27203766
-1.69288244
-2.13374887
-2.42397700
-2.41257670
-2.01830585
-1.26061477
-0.26068863
0.78895608
1.67717284
2.23355741
2.37606098
2.13261229
1.63027975
1.05589477
0.60071916
0.40576222
0.52413769
0.91046303
1.43912294
1.94408421
2.26762942
2.30325487
2.02141837
1.47244314
0.76831661
0.05076634
-0.54430818
-0.91621861
-1.01657445
-0.85197015
-0.47482113
0.03313743
0.57935431
1.07696574
1.45728885
1.67775119
1.72574221
1.61856917
1.39946959
1.12913965
0.87323662
0.68732261
0.60248397
0.61604214
0.69096584
0.76595423
0.77448054
0.66783084
0.43478431
0.11065668
-0.22878168
-0.48831474
-0.58352892
-0.47086680
-0.16698172
0.25043474
0.66243637
0.94435450
1.00646485
0.82634564
0.46160959
0.03717056
-0.29034476
-0.38094621
-0.15740081
0.36571747
1.08006798
1.81025531
2.36176211
2.57598497
2.37559638
1.78679878
0.93204589
-0.00414332
-0.82532038
-1.37409890
-1.56925137
-1.41928417
-1.01054480
-0.47583159
0.04544165
0.44298866
0.65760099
0.68529094
0.56563254
0.36101498
0.13525439
-0.06158773
-0.19907864
-0.26400959
-0.25391470
-0.17141956
-0.02268389
0.17970297
0.41207521
0.63737132
0.80865134
0.87923474
0.81701691
0.61774483
0.31148357
-0.04165830
-0.36667576
-0.59560890
-0.68888770
-0.64840761
-0.51688071
-0.36282952
-0.25583898
-0.24053824
-0.31882555
-0.44722243
-0.55112836
-0.55167484
-0.39601180
-0.08038150
0.34265324
0.77602804
1.10569717
1.23497137
1.11434862
0.75688579
0.23428768
-0.34461613
-0.86534872
-1.23850338
-1.41969362
-1.41315002
-1.25943590
-1.01366765
-0.72340149
-0.41515310
-0.09412849
0.24381743
0.59447044
0.93077385
1.19958398
1.33306576
1.27191161
0.99218893
0.52488801
-0.04095364
-0.57547215
-0.94192447
-1.03734574
-0.82642077
-0.35639258
0.25323306
0.84433306
1.26696445
1.42439372
1.30154371
0.96718982
0.54901324
0.18969879
-0.00124464
0.01626111
0.20070176
0.44498648
0.61496819
0.59734979
0.34054326
-0.12533646
-0.69616989
-1.22645306
-1.57584615
-1.65401966
-1.44900829
-1.03008830
-0.52476423
-0.07810984
0.19177907
0.22771116
0.04625720
-0.27338630
-0.61946895
-0.88558804
-1.00342965
-0.95994995
-0.79455562
-0.57892498
-0.38794287
-0.27253871
-0.24388671
-0.27359433
-0.30859371
-0.29414984
-0.19604557
-0.01371552
0.22001136
0.45177800
0.62785648
0.71380498
0.70641005
0.63375135
0.54382871
0.48612431
0.49298456
0.56738363
0.68122488
0.78433331
0.82091347
0.74761695
0.54749695
0.23567776
-0.14421510
-0.53099830
-0.86023910
-1.07754177
-1.14763080
-1.05782540
-0.81682148
-0.45063482
0.00210748
0.49419817
0.97324754
1.38529228
1.67975191
1.81613503
1.77156277
1.54709007
1.17028813
0.69220469
0.17831854
-0.30465650
-0.70278381
-0.98562583
-1.15032883
-1.21791511
-1.22288053
-1.19978450
-1.17125295
-1.14152159
-1.09757771
-1.01723887
-0.88103135
-0.68340563
-0.43896234
-0.18123937
0.04578439
0.20064212
0.25741041
0.21434290
0.09516111
-0.05746470
-0.19407098
-0.27222507
-0.26768371
-0.17954736
-0.02831929
0.15194943
0.32436989
0.45915820
0.53979312
0.56400143
0.54012945
0.48096871
0.39768671
0.29615383
0.17668244
0.03679009
-0.12455558
-0.30318303
-0.48803900
-0.66227945
-0.80668305
-0.90415004
-0.94387933
-0.92393714
-0.85183506
-0.74324592
-0.61942404
-0.50420467
-0.42085806
-0.38894388
-0.42140011
-0.52156097
-0.68101409
-0.87882782
-1.08318543
-1.25592290
-1.35955775
-1.36552312
-1.26139962
-1.05476436
-0.77222575
-0.45331524
-0.14095263
0.12866090
0.33335979
0.46702036
0.53560988
0.54889245
0.51132506
0.41626710
0.24667936
-0.01681595
-0.38274877
-0.83513968
-1.32515152
-1.77269486
-2.07974657
-2.15309138
-1.93046941
-1.40223090
-0.62102762
0.30468235
1.23278505
2.01974732
2.55397521
2.78055359
2.71021612
2.41020676
1.98021939
1.52171633
1.11011258
0.77894461
0.52012500
0.29896925
0.07770821
-0.16195753
-0.40603139
-0.61020301
-0.71626835
-0.67707781
-0.48060555
-0.16368931
0.19075113
0.47363664
0.58125932
0.44859714
0.07336940
-0.47756394
-1.08249550
-1.59633295
-1.89000693
-1.88627482
-1.58114095
-1.04467135
-0.40134195
0.20399299
0.64410127
0.84052117
0.77939262
0.50875942
0.11967219
-0.28190536
-0.60340946
-0.78611103
-0.81284845
-0.70274501
-0.49656991
-0.23891835
0.03651004
0.31408853
0.59458854
0.88650364
1.19431962
1.50858176
1.80123954
2.02810957
2.13777738
2.08417788
1.83961229
1.40454232
0.81168792
0.12346787
-0.57693238
-1.19924294
-1.66211919
-1.90853689
-1.91754928
-1.70984965
-1.34523227
-0.91161002
-0.50693907
-0.21752061
-0.09735215
-0.15402450
-0.34559407
-0.59034507
-0.78811150
-0.84812524
-0.71591622
-0.39127516
0.06882531
0.56422716
0.97944860
1.21757269
1.23009679
1.03299430
0.70334413
0.35658577
0.11078681
0.04886504
0.19083886
0.48559478
0.82554919
1.08042691
1.13984678
0.95119474
0.54024774
0.00720700
-0.50143415
-0.83708854
-0.89559043
-0.65145901
-0.16874688
0.41538248
0.92964086
1.21837827
1.18690258
0.82860002
0.22583044
-0.47514636
-1.10702156
-1.52860597
-1.66194977
-1.50891365
-1.14331974
-0.68289786
-0.25109456
0.05859617
0.20485729
0.20165983
0.10320523
-0.02213995
-0.11889960
-0.16272834
-0.16414328
-0.15765770
-0.18165173
-0.25759031
-0.37717158
-0.50262418
-0.58033083
-0.56265933
-0.42953430
-0.20118625
0.06358799
0.28411718
0.38437618
0.32042495
0.09889621
-0.22064001
-0.54140221
-0.75905935
-0.79610698
-0.62971030
-0.30335948
0.08249750
0.39887179
0.52764938
0.39986356
0.02070815
-0.52722326
-1.10436952
-1.55294070
-1.74278609
-1.61061594
-1.18061786
-0.55978703
0.09112437
0.60284889
0.84573476
0.76664282
0.40352940
-0.12656597
-0.66264526
-1.04747391
-1.17372592
-1.01477491
-0.63114388
-0.15093172
0.26965617
0.49347139
0.44304595
0.12246151
-0.38575174
-0.94724498
-1.41722228
-1.68357976
-1.69830013
-1.48779135
-1.13956148
-0.77022775
-0.48578960
-0.34734666
-0.35334586
-0.44382521
-0.52479690
-0.50406316
-0.32608152
0.00607593
0.42925999
0.83979901
1.12744954
1.21213449
1.07092310
0.74593531
0.33037810
-0.06253573
-0.33714598
-0.44644392
-0.40585862
-0.28487311
-0.17922386
-0.17330396
-0.30590793
-0.55157574
-0.82458288
-1.00493588
-0.97815026
-0.67565033
-0.10225631
0.65883753
1.46568582
2.15598325
2.59209167
2.69879426
2.48211575
2.02411818
1.45629501
0.92079959
0.53213063
0.35092142
0.37633336
0.55719469
0.81565125
1.07353938
1.27217771
1.37995930
1.38769943
1.29666439
1.10712866
0.81400166
0.41256342
-0.08820552
-0.65161039
-1.20689636
-1.65688984
-1.90046495
-1.86446610
-1.53420685
-0.97055966
-0.30452076
0.29270775
0.65746769
0.68522916
0.36898852
-0.18970865
-0.80370350
-1.25253058
-1.34967122
-1.00410988
-0.25620962
0.72511741
1.68513816
2.35452796
2.52838806
2.12904856
1.23304316
0.05382265
-1.11564983
-1.98333928
-2.33797582
-2.10518621
-1.36415520
-0.32129904
0.74975737
1.58319184
1.98896281
1.89518905
1.35530466
0.52142264
-0.40499696
-1.22862349
-1.80567528
-2.06825641
-2.02448850
-1.73931592
-1.30556126
-0.81624428
-0.34597633
0.05565721
0.36098321
0.55695562
0.63933405
0.61178124
0.48947497
0.30368699
0.10258664
-0.05520489
-0.11437825
-0.04027062
0.16663636
0.46551759
0.78311079
1.03388610
1.14679757
1.08968989
0.88260707
0.59436761
0.32238094
0.16170593
0.17341920
0.36312360
0.67722517
1.01882628
1.27826289
1.36823823
1.25174871
0.95347065
0.55085708
0.14813797
-0.15769556
-0.30722912
-0.29509581
-0.16737090
-0.00145428
0.12392231
0.15755582
0.09326669
-0.03004684
-0.14536473
-0.18505166
-0.10868442
0.07905504
0.32698930
0.55326001
0.67283972
0.62721354
0.40591874
0.05252558
-0.34694226
-0.68928222
-0.88464500
-0.88247588
-0.68486302
-0.34369614
0.05652681
0.42397394
0.68455126
0.79926678
0.76958926
0.63087005
0.43754152
0.24594515
0.10031656
0.02538161
0.02601469
0.09184676
0.20342632
0.33708310
0.46717856
0.56664399
0.60782042
0.56589370
0.42573158
0.19064725
-0.11007173
-0.41892931
-0.65638244
-0.73588248
-0.58513963
-0.16806375
0.49919998
1.34393940
2.24677259
3.06428850
3.65917260
3.92980598
3.83187034
3.38613979
2.67125315
1.80391245
0.91247688
0.11114582
-0.51928662
-0.94029151
-1.15394009
-1.19329983
-1.10881314
-0.95493069
-0.77967180
-0.61823196
-0.49023014
-0.39942031
-0.33509964
-0.27486010
-0.18928269
-0.04885291
0.16718963
0.46175771
0.81336901
1.17524187
1.48209339
1.66449551
1.66785215
1.47071282
1.09621864
0.61193511
0.11620486
-0.28633598
-0.51360841
-0.53069742
-0.36204692
-0.08649949
0.18448724
0.33959219
0.30174261
0.05301578
-0.35776635
-0.82759179
-1.22856242
-1.44529452
-1.40892534
-1.11750149
-0.63648593
-0.07950130
0.42451318
0.76758327
0.89143287
0.80041093
0.55557656
0.25281576
-0.00749011
-0.14950364
-0.14121502
0.00101821
0.22259829
0.45098391
0.61905484
0.68424179
0.63835366
0.50640004
0.33643012
0.18445811
0.09950586
0.11253328
0.23111738
0.43961103
0.70319448
0.97388548
1.19721946
1.31936757
1.29480191
1.09487376
0.71630531
0.18771458
-0.42874493
-1.04309090
-1.55155475
-1.85740689
-1.89405068
-1.64428004
-1.14943294
-0.50428476
0.16264927
0.71928603
1.06297645
1.14713584
0.99356534
0.68637086
0.34870761
0.10850167
0.06292264
0.25160722
0.64622049
1.15906386
1.66791293
2.04960282
2.21266925
2.11998815
1.79572404
1.31551850
0.78380197
0.30521671
-0.04173959
-0.22205065
-0.24905023
-0.17665880
-0.08236219
-0.04600090
-0.12971973
-0.36332369
-0.73754286
-1.20554830
-1.69192145
-2.10684483
-2.36408221
-2.39644459
-2.17593002
-1.71441160
-1.08154606
-0.37138516
0.27354786
0.75333415
0.89357149
0.75613687
0.39336447
-0.20020128
-0.87716019
-1.51629422
-1.98258227
-2.20149204
-2.15032150
-1.87847207
-1.48234213
-1.08187879
-0.78311202
-0.64805508
-0.67709889
-0.81014239
-0.94636129
-0.97665181
-0.81909582
-0.44658257
0.10185318
0.72949887
1.30776955
1.71161405
1.85395504
1.70910135
1.31861684
0.77835966
0.21140643
-0.26491644
-0.56800360
-0.66706997
-0.58461747
-0.38334586
-0.14400283
0.05826175
0.17185404
0.17653694
0.08046911
-0.09041971
-0.30546295
-0.53934456
-0.77575421
-1.00433437
-1.21349233
-1.38357569
-1.48467138
-1.48151768
-1.34476068
-1.06498556
-0.66403346
-0.19834555
0.24859004
0.58421818
0.73093974
0.64924631
0.35261839
-0.09144149
-0.57574896
-0.98020314
-1.20388980
-1.19346560
-0.95933374
-0.57435162
-0.15473549
0.17194803
0.30291388
0.19019404
-0.14420118
-0.61263476
-1.08492289
-1.42387852
-1.52364220
-1.33993829
-0.90378563
-0.31467068
0.28515208
0.74821714
0.96106368
0.87435536
0.51582656
-0.01738474
-0.58477901
-1.03967641
-1.26751280
-1.21504331
-0.90290996
-0.41880454
0.10654306
0.53364182
0.74962691
0.69561688
0.37956228
-0.12789822
-0.71245827
-1.24435668
-1.60817733
-1.72710146
-1.57625517
-1.18345335
-0.61864359
0.02397683
0.64603852
1.16255492
1.51372605
1.66984763
1.63009169
1.41711700
1.07003699
0.63757749
0.17248732
-0.27255231
-0.64823105
-0.91170322
-1.02996360
-0.98346749
-0.76942501
-0.40402983
0.07722353
0.62162781
1.16389255
1.63307862
1.96119671
2.09262279
1.99314336
1.65737987
1.11300141
0.42040047
-0.33324872
-1.04561001
-1.61535618
-1.96033405
-2.03398546
-1.83611447
-1.41441165
-0.85545520
-0.26625222
0.24993767
0.61754847
0.80609315
0.83596212
0.77058095
0.69656215
0.69718343
0.82666320
1.09276912
1.45299599
1.82560293
2.11246256
2.22683142
2.11789926
1.78487199
1.27651287
0.67684201
0.08173225
-0.42608499
-0.79598072
-1.01703115
-1.11287117
-1.12671254
-1.10255878
-1.06938298
-1.03373582
-0.98271275
-0.89529662
-0.75711035
-0.57234358
-0.36791852
-0.18789695
-0.07996837
-0.07879349
-0.19242105
-0.39672731
-0.64032010
-0.85833208
-0.99068051
-0.99874186
-0.87516173
-0.64401052
-0.35197920
-0.05417759
0.20029051
0.37838433
0.46631486
0.46623796
0.38945364
0.24983586
0.06073040
-0.16377720
-0.40482779
-0.63536753
-0.82086903
-0.92600559
-0.92620712
-0.82007677
-0.63716787
-0.43625657
-0.29218616
-0.27369188
-0.41871687
-0.71576898
-1.09922472
-1.46227169
-1.68556991
-1.67365685
-1.38754389
-0.86208454
-0.20083540
0.45163316
0.95245124
1.20479349
1.18916275
0.97034962
0.67656656
0.45644876
0.42758621
0.63364423
1.02521465
1.47203313
1.80396696
1.86823959
1.58451991
0.97918867
0.18645574
-0.58556530
-1.11432873
-1.22982446
-0.86809804
-0.09430694
0.91227724
1.90700067
2.64750616
2.95973264
2.78266489
2.17917658
1.31109339
0.38799263
-0.39370761
-0.90210757
-1.09728448
-1.02847726
-0.80495727
-0.55242019
-0.37030218
-0.30366306
-0.33703178
-0.40959115
-0.44392801
-0.37676690
-0.18070720
0.12950064
0.50641175
0.88948192
1.22609322
1.48574041
1.66277560
1.76816534
1.81534578
1.80740490
1.73202550
1.56669859
1.29243969
0.90985520
0.45022171
-0.02424954
-0.43285800
-0.69827487
-0.77073726
-0.64595521
-0.36996555
-0.02849352
0.27629004
0.45423583
0.45182974
0.26508488
-0.06293327
-0.45842401
-0.84093949
-1.14682551
-1.34456536
-1.43779237
-1.45645162
-1.44082300
-1.42497946
-1.42593347
-1.44168299
-1.45756096
-1.45692433
-1.43070970
-1.38151867
-1.32042619
-1.25847418
-1.19741044
-1.12463413
-1.01573431
-0.84470156
-0.59792241
-0.28615917
0.05140025
0.35428130
0.55783845
0.61494756
0.51441976
0.28857356
0.00601959
-0.24911600
-0.40486821
-0.42628725
-0.32808500
-0.16950496
-0.03227516
0.01115070
-0.07228900
-0.25938105
-0.47433088
-0.61337691
-0.58274501
-0.33698994
0.09640800
0.61647667
1.07455338
1.31965947
1.24926035
0.84840307
0.20308737
-0.51830944
-1.11139039
-1.39623654
-1.27318568
-0.75586800
0.02965800
0.88021707
1.57471933
1.93898877
1.89601849
1.48615248
0.85114552
0.18777061
-0.31391845
-0.52788141
-0.42703778
-0.08552317
0.35137123
0.71883481
0.88832345
0.80937773
0.52429947
0.15177684
-0.15435483
-0.25714293
-0.08229918
0.35690641
0.96301374
1.58429703
2.06100995
2.27332090
2.17578457
1.80848768
1.28226629
0.74351809
0.32999977
0.13127952
0.16516936
0.37627255
0.65593689
0.87656651
0.92982037
0.75755929
0.36739699
-0.17060156
-0.74405314
-1.22884475
-1.52160438
-1.56543727
-1.36291904
-0.97372869
-0.49830039
-0.05225814
0.26196839
0.37950154
0.28777566
0.02854437
-0.31307377
-0.62986630
-0.81908260
-0.80809066
-0.57305492
-0.14604445
0.39136617
0.92676556
1.34358375
1.54926850
1.49808316
1.20256921
0.73063575
0.18879645
-0.30415200
-0.64639077
-0.77759625
-0.69245575
-0.43975994
-0.10755843
0.20138187
0.39720630
0.42627311
0.28415942
0.01529448
-0.30032454
-0.56941207
-0.71069947
-0.67662723
-0.46600602
-0.12467806
0.26589456
0.60913333
0.81789561
0.83723323
0.65975711
0.32975069
-0.06538603
-0.41496433
-0.61197805
-0.58112615
-0.30116232
0.18461621
0.77329643
1.32304295
1.68566285
1.74374056
1.44308847
0.81152999
-0.04212610
-0.95018180
-1.72470805
-2.20347538
-2.29087325
-1.98263387
-1.36662368
-0.59916263
0.13730855
0.68319464
0.94340468
0.90970877
0.65724565
0.31669660
0.03087896
-0.09053646
-0.00409438
0.25671635
0.59589782
0.88931556
1.02722151
0.95074297
0.67046931
0.26129898
-0.16404622
-0.49332769
-0.65160510
-0.62395676
-0.45668710
-0.23729930
-0.06082034
0.00509438
-0.05620583
-0.20629275
-0.36817861
-0.45704023
-0.41343333
-0.22668064
0.06044718
0.36748304
0.60660369
0.71615903
0.68464857
0.55571564
0.41178162
0.34187860
0.40542181
0.60554583
0.88265224
1.13162349
1.23760453
1.11824177
0.75723854
0.21679793
-0.37664884
-0.86966556
-1.13002215
-1.08982018
-0.76868267
-0.26880466
0.25692474
0.65324320
0.81120432
0.70094356
0.37771576
-0.04040428
-0.41508162
-0.63559572
-0.65544075
-0.50522463
-0.27787055
-0.09187511
-0.04601555
-0.18183660
-0.46718558
-0.80669531
-1.07541028
-1.16359431
-1.01685615
-0.65736001
-0.17864667
0.28429674
0.59937210
0.68082800
0.51708221
0.17355548
-0.23013958
-0.56041007
-0.71343085
-0.64760262
-0.39407932
-0.04263431
0.29146902
0.50755489
0.55252736
0.43580462
0.22178556
0.00353995
-0.13225178
-0.13632367
-0.01294394
0.18405928
0.37326304
0.47715120
0.45151915
0.30218359
0.08327144
-0.12212695
-0.23175655
-0.19383688
-0.00617454
0.28175566
0.58414832
0.80604890
0.87297869
0.75297505
0.46418776
0.06619312
-0.36102300
-0.74260705
-1.02998554
-1.21076509
-1.30491569
-1.34983220
-1.38054945
-1.41299988
-1.43654650
-1.41834536
-1.31789509
-1.10600976
-0.78116920
-0.37706024
0.04183080
0.39544836
0.60960811
0.63680721
0.46997441
0.14502483
-0.26836879
-0.68476095
-1.02424120
-1.23101575
-1.28441607
-1.20017232
-1.02256527
-0.81065467
-0.62290820
-0.50431799
-0.47876330
-0.54760993
-0.69344983
-0.88711071
-1.09526179
-1.28688285
-1.43730631
-1.52978782
-1.55509723
-1.51010901
-1.39616219
-1.21788316
-0.98275017
-0.70127586
-0.38773662
-0.06089656
0.25563516
0.53399406
0.74406201
0.85705034
0.85049169
0.71384251
0.45346663
0.09542153
-0.31531591
-0.71989257
-1.05458091
-1.26227348
-1.30406046
-1.16819666
-0.87406853
-0.47004345
-0.02531980
0.38248038
0.68128261
0.81726786
0.76385220
0.52558139
0.13684063
-0.34387321
-0.84266481
-1.28055406
-1.58426177
-1.69653278
-1.58523267
-1.25022442
-0.72664069
-0.08310683
0.58619122
1.17560794
1.58680684
1.74881546
1.63493219
1.27172732
0.73690352
0.14512280
-0.37584683
-0.71332476
-0.79539881
-0.60738344
-0.19466106
0.34894658
0.90408445
1.35385135
1.60940017
1.62669977
1.41097246
1.00902829
0.49333798
-0.05653479
-0.56943842
-0.99148427
-1.28766440
-1.43853790
-1.43584436
-1.28077125
-0.98636562
-0.58297766
-0.12308550
0.31915052
0.65684933
0.80813229
0.71898325
0.38438169
-0.14017530
-0.74294377
-1.27772960
-1.59937607
-1.60381092
-1.26093829
-0.62956909
0.15210791
0.89955247
1.43046789
1.61548690
1.41603971
0.89776938
0.21448969
-0.43334425
-0.85423070
-0.91924101
-0.59813623
0.03252134
0.81151026
1.53853644
2.02988991
2.16781754
1.92983184
1.39023279
0.69466828
0.01652197
-0.49149691
-0.73618991
-0.70271980
-0.44960827
-0.08321016
0.27880597
0.54328005
0.66596107
0.65819359
0.57560895
0.49408573
0.48163270
0.57531455
0.76999202
1.02123124
1.26020184
1.41484819
1.43032394
1.28262132
0.98215603
0.56748206
0.09252372
-0.38802541
-0.83026191
-1.20659922
-1.50467611
-1.72138353
-1.85524126
-1.90065124
-1.84638778
-1.67909463
-1.39037014
-0.98498623
-0.48686656
0.05965902
0.59451113
1.05195757
1.37381629
1.52255532
1.49078780
1.30441593
1.01816436
0.70410442
0.43576811
0.27133927
0.24039064
0.33756076
0.52510618
0.74405505
0.93114071
1.03704214
1.04060962
0.95477367
0.82171716
0.69827697
0.63562592
0.65930743
0.75650578
0.87544868
0.93874413
0.86777669
0.61150371
0.17064882
-0.39124041
-0.95529939
-1.37346794
-1.50747238
-1.27024943
-0.65760622
0.24039712
1.25352259
2.16896740
2.78343375
2.95576035
2.64511696
1.92357467
0.95840873
-0.03141059
-0.83279097
-1.29400785
-1.36222352
-1.09256584
-0.62634914
-0.14530733
0.18431376
0.26105006
0.07623183
-0.28724925
-0.68445025
-0.95668799
-0.98336055
-0.72132633
-0.21976168
0.39389489
0.95228136
1.29884703
1.33534435
1.05168617
0.52930397
-0.08271720
-0.61120877
-0.90897632
-0.89644031
-0.58281218
-0.06119048
0.52025830
1.00190122
1.25785499
1.22990828
0.94079199
0.48416221
-0.00482312
-0.38884257
-0.56613169
-0.49612912
-0.20675965
0.21734441
0.66096559
1.01058260
1.18352442
1.14663232
0.92060523
0.57049014
0.18646403
-0.13901281
-0.33152383
-0.34811250
-0.18182469
0.14170462
0.57314135
1.05054039
1.50967266
1.89226753
2.15143652
2.25528828
2.18898880
1.95622816
1.57951648
1.09875717
0.56734884
0.04544861
-0.40878188
-0.74858002
-0.94647987
-0.99870847
-0.92493319
-0.76342712
-0.56291378
-0.37328067
-0.23740786
-0.18578783
-0.23445636
-0.38567180
-0.62999751
-0.94838894
-1.31352313
-1.69055625
-2.03834477
-2.31268743
-2.47223410
-2.48680397
-2.34632469
-2.06730136
-1.69372971
-1.29048816
-0.92943891
-0.67101003
-0.54641902
-0.54618304
-0.61966356
-0.68737405
-0.66370831
-0.48423030
-0.12923568
0.36431203
0.90752005
1.38108580
1.66839103
1.69070265
1.43359622
0.95579378
0.37634264
-0.15708547
-0.51008681
-0.60111061
-0.42646871
-0.06254383
0.35616043
0.67696103
0.77497995
0.59109876
0.15012025
-0.44643084
-1.05055243
-1.51139767
-1.71855824
-1.63147132
-1.28635139
-0.77927191
-0.23215143
0.24632652
0.59151829
0.79527525
0.89684097
0.95664811
1.02379089
1.11003615
1.18066727
1.16654150
0.99325023
0.61680177
0.05218092
-0.61707629
-1.25389623
-1.70409854
-1.84338890
-1.61934825
-1.07390561
-0.33743154
0.40511609
0.96621410
1.20989322
1.09076180
0.66526762
0.07160911
-0.51524859
-0.93874480
-1.10816213
-1.02311813
-0.76762509
-0.47650551
-0.28609505
-0.28621191
-0.48962214
-0.82910058
-1.18239332
-1.41602566
-1.43250951
-1.20462242
-0.78511226
-0.28882797
0.14617172
0.40485398
0.43287562
0.25296326
-0.04516648
-0.33728987
-0.50795607
-0.48955141
-0.28399936
0.03976782
0.37084655
0.59459478
0.63057237
0.45739111
0.11675392
-0.30344860
-0.69984432
-0.98653230
-1.11872939
-1.09953895
-0.96906545
-0.78155836
-0.58055068
-0.38212678
-0.17276763
0.07780786
0.39465011
0.77597421
1.18163397
1.53752697
1.75570987
1.76360112
1.53195086
1.09093017
0.52755840
-0.03573511
-0.47516157
-0.70115871
-0.68393226
-0.46049529
-0.12116463
0.21964090
0.45835202
0.53133365
0.42908966
0.19201359
-0.10921222
-0.40046283
-0.62807124
-0.77153335
-0.84161626
-0.86625569
-0.87138391
-0.86537893
-0.83399928
-0.74798081
-0.57992776
-0.32298781
-0.00265268
0.32450783
0.58689558
0.71784464
0.69405344
0.52078822
0.28447250
0.04110919
-0.06639285
-0.07550900
0.15883194
0.09763880
-0.11647210
-0.03193591
-0.02193741
0.01368782
-0.00455983
-0.00243084
0.03191010
0.15768306
0.38174897
0.69112921
1.02852653
1.31613848
1.47608924
1.45598535
1.24705070
0.88846537
0.45634139
0.04067914
-0.28166910
-0.46894054
-0.52389146
-0.48796400
-0.42275154
-0.38586205
-0.41006296
-0.49309181
-0.60151932
-0.68663414
-0.70597667
-0.64202745
-0.51082892
-0.35705949
-0.23743684
-0.19862038
-0.25814464
-0.39581433
-0.55927597
-0.68218640
-0.70874182
-0.61575337
-0.42407282
-0.19491164
-0.01171141
0.04655867
-0.06823665
-0.35621460
-0.76732118
-1.21480871
-1.59990991
-1.83957071
-1.88827045
-1.74750818
-1.46070667
-1.09635465
-0.72587876
-0.40386978
-0.15692836
0.01636975
0.13604775
0.22679932
0.30563186
0.37590298
0.42950169
0.45524970
0.44903800
0.42048603
0.39246087
0.39303930
0.44283913
0.54307784
0.66979231
0.77773945
0.81368895
0.73509059
0.52754553
0.21432905
-0.14634088
-0.47643801
-0.70130187
-0.77332802
-0.68803595
-0.48668565
-0.24398878
-0.04466729
0.04357319
-0.00841850
-0.18249252
-0.42018352
-0.64310492
-0.77972007
-0.78924853
-0.67450475
-0.47922287
-0.27089416
-0.11518842
-0.05097744
-0.07492852
-0.14123509
-0.17696808
-0.10802192
0.11303433
0.48669412
0.96093577
1.44250376
1.82182043
2.00373471
1.93466308
1.61768600
1.11141626
0.51347667
-0.06586212
-0.53149787
-0.82453002
-0.93097331
-0.87692851
-0.71331952
-0.49640055
-0.27080720
-0.06042786
0.13102606
0.31140083
0.48795948
0.65698863
0.79948897
0.88460492
0.87939291
0.76125954
0.52830696
0.20373531
-0.16739709
-0.52812809
-0.82313799
-1.01168239
-1.07623461
-1.02472785
-0.88645079
-0.70355349
-0.52105557
-0.37812348
-0.30241062
-0.30771509
-0.39420522
-0.54992391
-0.75257982
-0.97135060
-1.16945477
-1.30822150
-1.35333167
-1.28237328
-1.09223323
-0.80340172
-0.45892535
-0.11686374
0.16303012
0.33501753
0.38099486
0.31722646
0.19108900
0.06766283
0.00937240
0.05465932
0.20256109
0.40892053
0.59668962
0.67833336
0.58429047
0.28893714
-0.17441340
-0.71514837
-1.20451066
-1.50784870
-1.52125470
-1.20216916
-0.58485675
0.22425711
1.07065989
1.78885498
2.24253714
2.35681311
2.13394112
1.64889608
1.02656496
0.40771120
-0.08660342
-0.38249613
-0.46578761
-0.37759595
-0.19564047
-0.00788046
0.11343552
0.13017894
0.04485639
-0.10518888
-0.26287372
-0.37042582
-0.38666644
-0.29800587
-0.12095185
0.10344689
0.32086835
0.47719362
0.53090960
0.46188373
0.27531006
0.00064019
-0.31387832
-0.60996778
-0.83018781
-0.92935450
-0.88480671
-0.70339297
-0.42319741
-0.10854129
0.16194311
0.31252308
0.28940738
0.07676843
-0.29506164
-0.75269482
-1.19475778
-1.51607522
-1.63515713
-1.51726259
-1.18616322
-0.72021266
-0.23266956
0.15873539
0.36478803
0.35068423
0.14678967
-0.15935843
-0.44809855
-0.60266302
-0.54391422
-0.25445013
0.21525867
0.76061006
1.25240825
1.57327452
1.65011391
1.47293264
1.09490319
0.61414991
0.14349780
-0.22232828
-0.43195820
-0.48794854
-0.44033433
-0.36626252
-0.34287845
-0.42233652
-0.61639407
-0.89452872
-1.19492010
-1.44368805
-1.57565390
-1.55022393
-1.35847659
-1.02082599
-0.57794145
-0.07937717
0.42595847
0.89482052
1.29035617
1.58066537
1.73834511
1.74340676
1.58965574
1.29249461
0.89406408
0.46201614
0.07953154
-0.17240886
-0.23616688
-0.09580905
0.21395450
0.61231661
0.99059835
1.23977627
1.27960898
1.08070063
0.67258937
0.13527075
-0.42330394
-0.89684745
-1.20822307
-1.32656501
-1.26927477
-1.08930656
-0.85304028
-0.61687582
-0.41084312
-0.23444822
-0.06543324
0.12279718
0.34247287
0.57925184
0.79181024
0.92388752
0.92475865
0.77055405
0.47823330
0.10646903
-0.25788249
-0.52377666
-0.62272922
-0.52936096
-0.26880262
0.09154531
0.46299037
0.76214715
0.93408501
0.96449325
0.87737709
0.72001795
0.54158727
0.37383284
0.22132977
0.06491529
-0.12328868
-0.35950704
-0.63128373
-0.89143642
-1.06689879
-1.08063109
-0.87968260
-0.45944666
0.12524101
0.76757842
1.33412180
1.70103988
1.79018438
1.59329484
1.17615068
0.66028588
0.18765696
-0.12143384
-0.20394808
-0.07232303
0.19050286
0.45769617
0.59846170
0.51899428
0.19188804
-0.33476358
-0.95096757
-1.51656959
-1.90123485
-2.02056325
-1.85797873
-1.46653764
-0.95125747
-0.43800167
-0.03867921
0.17708911
0.19637076
0.06041051
-0.15263237
-0.35349001
-0.46815886
-0.45740162
-0.32467262
-0.11141205
0.11770907
0.29461161
0.36690424
0.31132617
0.13865598
-0.11032833
-0.37599840
-0.59481259
-0.71422079
-0.70421023
-0.56313250
-0.31696738
-0.01259409
0.29318228
0.54629812
0.70697407
0.75757353
0.70513209
0.57804389
0.41785897
0.26832462
0.16452023
0.12495886
0.14859455
0.21738454
0.30330242
0.37748003
0.41858019
0.41785616
0.37964488
0.31761811
0.24864236
0.18674189
0.13952563
0.10820731
0.09073861
0.08619887
0.09792221
0.13335057
0.20003651
0.29910495
0.41902733
0.53299944
0.60237078
0.58643127
0.45626076
0.20822570
-0.12800027
-0.49097521
-0.79981373
-0.97491791
-0.96155728
-0.74899518
-0.37858749
0.06275567
0.46297543
0.71389487
0.74058899
0.52243939
0.09933874
-0.43885163
-0.97649076
-1.40269959
-1.63909426
-1.65671600
-1.47782074
-1.16309249
-0.78954612
-0.42679938
-0.11963438
0.11830879
0.29885802
0.44527083
0.57618272
0.69418850
0.78354712
0.81767696
0.77312254
0.64409076
0.45120900
0.24038968
0.07129000
-0.00107237
0.05469335
0.23358001
0.49236311
0.75988851
0.95638182
1.01568001
0.90334214
0.62508195
0.22334535
-0.23614154
-0.68291092
-1.05907162
-1.33012128
-1.48673143
-1.53841101
-1.50288488
-1.39607349
-1.22691558
-0.99867103
-0.71556378
-0.39100894
-0.05309088
0.25610226
0.48817321
0.60105156
0.57229916
0.40822327
0.14512892
-0.15826202
-0.43514820
-0.62737407
-0.69935448
-0.64515508
-0.48705042
-0.26678800
-0.03302520
0.17082243
0.31482861
0.38541620
0.38352567
0.32044727
0.21391046
0.08610235
-0.03648870
-0.12309889
-0.14087060
-0.06077367
0.13313375
0.43374749
0.80439855
1.17986024
1.47709791
1.61452248
1.53504313
1.22593916
0.72831993
0.13174871
-0.44604639
-0.88927462
-1.11517184
-1.09630897
-0.86661715
-0.50886165
-0.12724782
0.18583527
0.37787094
0.44955819
0.44896703
0.44872026
0.51449467
0.67638675
0.91382700
1.15996409
1.32455238
1.32735092
1.13011855
0.75530988
0.28396694
-0.16732004
-0.48306578
-0.58669779
-0.46626166
-0.17875244
0.16889734
0.45592319
0.58859944
0.53170739
0.31958299
0.04286454
-0.18443146
-0.26587867
-0.15718849
0.11794261
0.47627614
0.80480967
1.00126776
1.01091027
0.84651775
0.58440918
0.33782933
0.21707931
0.29044760
0.55963728
0.95824991
1.37373457
1.68487902
1.80176044
1.69428993
1.39970670
1.00723475
0.62579107
0.34674290
0.21490012
0.21751772
0.29442727
0.36458501
0.35858192
0.24493037
0.04062508
-0.19733090
-0.39555797
-0.49367166
-0.46802148
-0.34089935
-0.17200174
-0.03568180
0.00702065
-0.06908022
-0.24474813
-0.46467002
-0.65925667
-0.77115393
-0.77626706
-0.69108212
-0.56379080
-0.45291277
-0.40212152
-0.42149878
-0.48295652
-0.53194862
-0.51111933
-0.38657352
-0.16613283
0.09838902
0.32672503
0.43854692
0.38437059
0.16720496
-0.15390320
-0.48084010
-0.70873751
-0.76251276
-0.62447718
-0.34273210
-0.01655888
0.23656763
0.32110616
0.19660450
-0.10801549
-0.50433407
-0.87525608
-1.11596169
-1.17050730
-1.05103301
-0.83269168
-0.62606151
-0.53690199
-0.62757550
-0.89401238
-1.26629598
-1.63270115
-1.87844200
-1.92526139
-1.75764310
-1.42653664
-1.02952011
-0.67481407
-0.44249114
-0.35704620
-0.38123274
-0.43329319
-0.42107516
-0.28037808
-0.00318749
0.35478226
0.69051457
0.88852485
0.86201514
0.58579028
0.10932384
-0.45478739
-0.96309010
-1.28341296
-1.33270367
-1.09841978
-0.63726924
-0.05313390
0.53697830
1.03652955
1.39126056
1.59305424
1.66675642
1.64737872
1.55836532
1.40049453
1.15615968
0.80700190
0.35686605
-0.15077073
-0.63028158
-0.97007827
-1.06412952
-0.84880436
-0.33193946
0.39739732
1.18417065
1.84499654
2.21757574
2.20702289
1.81425591
1.13721567
0.34395125
-0.37428693
-0.85575867
-1.01070299
-0.84126745
-0.43394668
0.07166307
0.52681431
0.81597112
0.88487193
0.74706072
0.46917160
0.14206659
-0.15118245
-0.35961269
-0.47395768
-0.52027290
-0.54218879
-0.57976087
-0.65323590
-0.75724584
-0.86623954
-0.94768637
-0.97656366
-0.94506210
-0.86364017
-0.75374865
-0.63601460
-0.51964743
-0.39811692
-0.25332815
-0.06675212
0.16739869
0.43303070
0.69194491
0.89393503
0.99436294
0.97296993
0.84643036
0.66891186
0.51882951
0.47511290
0.59034834
0.86996657
1.26510125
1.68259094
2.00979588
2.14701970
2.03729243
1.68403501
1.15083031
0.54335703
-0.02096145
-0.44579000
-0.68110627
-0.73317707
-0.65689463
-0.53372833
-0.44312708
-0.43683510
-0.52420157
-0.67244095
-0.82070820
-0.90234718
-0.86734959
-0.69769194
-0.41110185
-0.05315361
0.31840700
0.65090162
0.90942903
1.08121012
1.17126351
1.19255193
1.15561719
1.06253581
0.90800548
0.68694753
0.40511812
0.08748566
-0.22035928
-0.45993852
-0.57553895
-0.53298167
-0.33494500
-0.02672663
0.31104131
0.58189828
0.70027974
0.61755439
0.33909059
-0.07367301
-0.51771198
-0.87596033
-1.05018132
-0.98948930
-0.70590045
-0.27195074
0.19924245
0.58580157
0.79160434
0.77338300
0.55254810
0.20841591
-0.14500071
-0.39161393
-0.44571891
-0.27492717
0.09270520
0.57883399
1.07854171
1.49013786
1.74205438
1.80910845
1.71417017
1.51568761
1.28589027
1.08720544
0.95415699
0.88614539
0.85252215
0.80723711
0.70753612
0.53006908
0.27900305
-0.01603148
-0.31088101
-0.56220457
-0.74141932
-0.84218494
-0.87898858
-0.87774837
-0.86262613
-0.84447255
-0.81595676
-0.75587152
-0.64122753
-0.46280138
-0.23756582
-0.01227937
0.14491625
0.16363618
-0.00423650
-0.36276556
-0.86096186
-1.39793315
-1.84445691
-2.07599199
-2.00786596
-1.62190302
-0.97590966
-0.19214097
0.57266734
1.16754400
1.48618198
1.49323417
1.23054984
0.80194740
0.34164167
-0.02379369
-0.20850488
-0.18619354
0.00963151
0.30234011
0.59887859
0.81715656
0.90550502
0.84929525
0.66484721
0.38525039
0.04518536
-0.32876149
-0.71884242
-1.10903303
-1.47475687
-1.77608763
-1.95963982
-1.97076845
-1.77317736
-1.36854422
-0.80819260
-0.18992356
0.36146478
0.72588813
0.82264340
0.63666065
0.22683438
-0.28775671
-0.76065178
-1.06028505
-1.10839563
-0.90228234
-0.51346710
-0.06316404
0.31723135
0.52748401
0.52784197
0.34683394
0.06548646
-0.21566355
-0.41446473
-0.49592096
-0.48131287
-0.43443760
-0.43029865
-0.51839895
-0.69512434
-0.89668864
-1.01691341
-0.94470028
-0.60850327
-0.01162986
0.75542627
1.53190509
2.12933367
2.38677507
2.22089820
1.65414650
0.81091595
-0.11750705
-0.92841063
-1.46553531
-1.66066761
-1.54578265
-1.23261989
-0.86766861
-0.57865145
-0.43147896
-0.41220672
-0.43978085
-0.40406738
-0.21461660
0.15809623
0.66450645
1.18807282
1.58375151
1.72922198
1.57043303
1.14450120
0.57105608
0.01402343
-0.37332969
-0.50115294
-0.37485677
-0.09431049
0.18017685
0.28405608
0.10798497
-0.35993127
-1.02399045
-1.70715784
-2.20555873
-2.35372474
-2.07916053
-1.42839505
-0.55595286
0.32001748
0.98117106
1.27112283
1.13701589
0.63851487
-0.07698739
-0.82313299
-1.43041936
-1.79100045
-1.87926142
-1.74396148
-1.47771615
-1.17672642
-0.90606827
-0.68248174
-0.47918871
-0.24885484
0.04606876
0.40852656
0.79794570
1.14095387
1.35766845
1.39318973
1.24169221
0.95327835
0.61985915
0.34453343
0.20519193
0.22569965
0.36569009
0.53361675
0.61940033
0.53576179
0.25391355
-0.17941476
-0.65047100
-1.01092239
-1.12438467
-0.91214529
-0.38313599
0.36207696
1.15522950
1.80536579
2.15137948
2.10632599
1.68039046
0.97617719
0.15852268
-0.59160135
-1.12502978
-1.36050052
-1.29948692
-1.01717848
-0.63424094
-0.27907366
-0.05220336
-0.00250720
-0.12060313
-0.34905710
-0.60432172
-0.80269037
-0.88249344
-0.81713999
-0.61707789
-0.32215759
0.01167948
0.32683533
0.57576360
0.72836315
0.77316221
0.71723916
0.57918294
0.38894151
0.17512207
-0.02785319
-0.20392237
